1.93469
2.846475
3.269281
3.412478
2.953804
1.753008
3.056186
3.451807
2.947988
2.98043
3.131699
3.29493
2.879317
3.007347
2.769907
2.793715
2.980871
2.488906
3.073425
2.892585
2.450678
3.177095
3.111046
2.984538
1.611885
0.7409256
3.400927
2.811984
2.174411
3.572869
3.122422
1.576439
2.921469
3.029762
3.17872
3.157768
2.690304
3.335711
2.645766
2.997619
3.005584
2.107362
3.085103
2.772768
2.007373
1.424749
3.521465
3.180358
2.53686
3.288147
2.874838
2.984306
3.710399
2.814987
1.304481
3.101394
3.330749
3.588082
2.957882
2.985792
2.91084
2.90511
3.321997
2.616102
2.469793
3.287736
3.063696
3.240853
2.153013
3.443209
3.088757
2.85311
3.163463
3.053449
3.131905
2.81492
2.783487
2.739451
2.76979
3.379249
2.819128
3.244975
3.028465
3.154143
3.157805
3.484847
3.011204
2.830485
3.062374
3.537429
3.023522
2.164107
3.043487
3.349932
1.710164
2.003948
2.562209
2.976164
3.16481
3.376256
3.031269
2.786599
3.505623
3.310652
2.808497
3.293306
2.968695
2.870101
3.056957
-0.1356573
2.58075
3.469503
2.362782
3.239568
2.769019
2.63324
3.021507
3.28676
3.251657
2.377094
1.72959
2.555538
2.552975
3.35136
2.729691
0.986609
2.942729
3.34874
3.518415
2.907643
3.142527
2.431038
3.155267
2.730548
2.880304
2.784882
2.817307
2.7708
2.903553
2.515832
2.839404
3.007164
1.479079
2.792447
3.026856
3.344312
2.931245
3.150896
3.262634
2.89713
2.06524
3.272121
2.68069
3.133174
3.030821
2.561208
3.0015
3.410588
3.321382
2.444353
3.08578
2.917472
2.217574
3.188152
3.426966
2.83845
3.112507
3.068413
2.581151
3.062436
2.839624
2.71996
2.900381
3.462759
3.397975
3.11874
3.029293
3.080753
2.978101
2.97397
2.845356
3.127817
2.422114
2.749181
2.646005
1.816174
3.419119
3.16981
2.712158
3.233865
2.790393
2.60508
3.498701
2.165648
2.754
3.003128
2.961213
2.320266
3.04457
3.037867
2.770126
3.331412
2.603742
3.364975
2.43108
2.771624
3.032717
3.26233
3.127953
2.796734
2.630836
3.05663
2.991108
3.24867
2.886481
3.240059
2.903152
2.73018
3.398634
3.165498
2.11945
3.164543
3.454974
2.328719
1.826068
2.836557
3.014313
3.038163
2.409415
3.189274
3.020442
3.443317
1.75335
2.333854
3.16482
2.727101
3.159836
2.095133
2.864112
3.007558
3.296178
1.681838
1.769164
2.980548
3.214072
2.614474
2.057142
2.618369
2.732365
2.632294
2.797865
3.233633
3.111638
3.521026
2.906269
3.09604
2.848358
2.284272
3.188987
2.354588
2.822762
3.443396
3.183131
3.155152
3.162044
3.309879
3.189671
2.589654
2.595689
3.135075
3.380461
2.893501
1.59738
2.736602
2.411466
2.612507
3.068657
3.496296
3.125652
2.568926
2.84491
2.978152
2.62405
3.178815
2.751383
3.035418
3.232622
2.732719
3.533808
2.574735
-1.187115
3.113874
2.840457
2.279566
2.33128
1.378228
3.44525
3.079988
3.401345
3.351287
2.706381
0.5342911
2.872561
2.720351
2.778402
3.234886
3.327614
3.357413
3.171588
3.20427
2.917647
2.680406
3.289407
1.570476
3.317492
2.786701
3.270417
2.873706
3.161669
3.027335
2.955693
3.142395
2.896301
2.44053
2.775107
2.662892
3.297609
3.263671
3.371473
2.832523
2.85038
2.766825
3.33141
3.33023
2.995069
1.929871
3.144634
2.879344
1.706666
2.561622
3.085568
2.767791
2.687404
2.807509
3.357314
3.294456
3.295381
2.657299
3.123142
3.409259
3.147428
3.350093
2.120505
3.629414
3.375999
3.3059
2.873329
2.935857
3.094189
2.97507
2.926569
3.07496
3.110641
3.095167
3.028597
3.050876
3.207023
3.249363
3.529875
2.760626
1.071935
2.870462
3.061398
2.97616
2.511149
2.417581
2.910245
2.93947
3.021493
2.830172
3.043371
3.109018
2.497845
2.659343
2.527393
2.362102
2.721269
2.979693
3.13331
3.122333
2.545688
3.152125
2.317588
3.128734
1.352535
2.830675
2.796023
3.159802
2.589806
2.813212
2.941532
3.213446
2.436059
3.103655
2.806741
2.667977
2.97616
2.849149
3.521764
2.575721
2.756065
2.606883
3.102639
1.526402
3.348999
2.923804
3.154993
2.77224
3.226679
2.447843
2.389587
3.367686
3.110747
2.780989
3.001255
3.027965
3.306862
3.185231
2.842351
3.342802
2.775623
2.829367
2.815733
1.563155
2.464971
3.52929
2.185552
3.290721
2.151314
3.241625
2.457865
3.17507
3.44347
3.1307
2.764171
3.081343
2.979168
2.736564
2.414828
2.481248
3.341466
2.755107
2.139892
2.759557
2.055254
3.144517
3.158439
2.626887
3.185447
2.613528
2.492417
3.128604
3.214532
3.412489
2.855516
2.793024
1.977891
3.302404
3.010192
3.055053
3.230443
2.29826
2.491601
3.004444
2.499092
3.361861
2.860799
3.090871
2.893448
3.199415
3.698235
3.378237
2.807304
2.716038
2.978095
3.023254
2.70367
3.23122
3.243937
3.317063
2.728495
3.07444
2.902984
2.372479
3.339061
2.53623
2.810917
3.262295
2.71133
2.873493
3.314498
3.068066
3.24088
2.482097
2.737762
2.57565
3.158257
3.026659
3.134643
2.782545
3.205074
2.948446
2.930768
3.405214
3.152067
2.522475
2.758476
2.972121
2.674717
2.414393
2.677031
3.536898
3.228096
3.406158
2.938819
3.17772
3.194506
2.352454
3.157489
3.024685
2.538217
3.59354
3.144151
2.833848
3.361368
3.282377
1.387722
1.596521
3.343359
2.924118
3.072884
3.408669
2.499407
3.577734
3.221707
3.08789
2.552768
2.950743
2.066495
2.481233
1.81754
2.87128
3.139911
2.936221
2.329627
3.300773
2.575317
2.240449
1.606002
1.577149
3.084386
2.6679
2.928081
3.222884
2.923452
2.911009
2.934787
3.122103
3.019659
2.931423
3.145267
2.721939
2.85335
2.50591
3.360748
2.723052
2.032235
3.423937
2.537193
3.203496
2.495271
3.121243
2.962789
1.104677
3.129706
3.023517
2.963331
3.357138
2.477879
2.857336
2.887352
1.99914
3.350292
3.182363
3.314815
3.135154
2.140071
3.162053
3.115255
2.770553
2.409204
3.430474
3.372257
3.162603
3.397987
3.256927
2.583814
3.311016
2.971608
3.043154
2.174366
2.992098
2.768613
2.537547
2.811801
2.410426
3.0035
1.991578
2.968292
3.5816
3.467238
2.941818
3.197767
3.156588
3.324507
2.636277
3.101097
2.848216
2.557834
2.704959
3.334483
2.959234
2.516066
3.011427
3.053577
2.528409
2.85582
2.729925
3.302532
3.505452
2.998444
2.812245
3.327406
2.178461
2.644314
2.870555
2.283473
2.991052
2.344942
2.200153
2.747571
2.804103
2.932031
3.141729
2.958992
3.019579
3.336509
3.109087
3.094349
2.868028
1.824587
2.77425
3.049799
3.018656
3.004563
3.215787
2.833278
3.014264
2.927436
2.675442
2.421312
2.323629
2.239654
2.302729
2.890951
3.441289
3.28336
2.554434
3.273854
3.281724
3.345623
2.933286
2.991709
3.093338
3.20041
2.648261
2.456233
3.682155
3.368684
2.978515
2.721753
2.674083
2.814871
2.80764
3.192149
2.816556
0.8802072
3.060692
2.985186
2.025136
3.355517
2.550638
2.383037
3.151542
3.152818
2.33285
3.077884
3.032651
0.7193927
2.790492
2.969201
3.027288
2.646887
2.694342
1.474891
2.505258
2.315272
3.207719
3.048477
-0.8110737
3.445064
3.25438
1.546835
3.214689
3.045786
3.004741
2.835088
2.76728
2.947193
2.927481
2.849349
3.299458
3.086109
3.443202
0.4632533
2.384293
3.297967
1.973494
2.434697
2.554508
2.460652
2.982269
3.153374
3.402285
3.271021
2.591201
2.523931
2.997886
3.375122
3.168272
2.879416
2.703596
2.962125
2.573057
3.269606
3.41312
3.058147
3.069343
2.936399
3.669424
3.321057
3.061736
0.8622817
3.384068
3.168191
2.843544
2.486317
3.103093
2.827851
3.505813
2.131675
2.476436
2.618825
1.992233
2.735558
2.190108
3.000142
2.556063
2.94425
2.750837
3.350982
3.056405
2.564308
2.27057
2.822109
3.190988
3.376594
2.785319
2.470607
2.943994
2.157153
2.982231
1.985763
3.357767
3.310293
2.535004
2.748148
1.256145
3.371274
2.14143
2.384648
3.084297
3.060197
2.281287
3.315349
2.899762
3.377914
2.450356
2.606084
2.611252
2.586549
2.747109
3.281091
0.7099382
3.077444
2.719223
2.583667
2.611039
3.098267
2.681232
1.767315
3.304992
2.996904
3.450587
3.230125
2.553732
2.862303
3.091885
3.134184
3.163797
3.33601
2.636089
2.858308
2.785552
2.063187
2.871541
3.171652
1.894336
2.934418
2.473185
3.131881
2.620315
2.86275
3.401944
2.657355
2.426452
3.350181
1.881622
3.093107
2.389558
3.467667
2.920152
2.57315
2.388588
2.710563
3.612095
2.559924
2.943927
2.984273
1.295957
3.585302
2.901683
3.12496
3.386735
3.005837
2.963436
3.311052
3.293836
1.808919
3.639108
3.285306
2.947488
3.010672
2.827083
3.469676
3.253371
2.956046
1.808218
3.29412
2.358979
2.531309
2.750117
2.928889
3.177814
2.123574
2.461702
3.007343
3.064183
2.688761
2.804369
3.647467
3.608811
-0.463918
3.267878
3.073621
2.596539
3.533718
2.516303
2.536013
2.592674
3.148096
2.475789
2.867184
3.383059
2.78206
2.667839
2.304665
2.847447
2.917684
3.022797
2.804923
3.642458
2.665551
3.39549
3.317797
2.549703
2.613174
2.85324
3.078857
3.091867
3.367292
2.796566
3.10221
2.321755
3.293978
-1.103707
3.264782
3.331536
2.41732
3.006506
2.646402
2.74189
2.805527
3.251357
2.216199
2.991173
2.11384
3.520507
3.046998
3.113213
3.178237
2.99962
3.258399
3.093225
1.751233
3.246286
3.225105
3.231869
2.514717
3.298212
3.129581
2.453532
2.831358
3.286105
2.92071
2.504429
2.790346
3.290003
2.933457
3.035757
2.265257
3.071829
3.068863
3.283639
3.192572
3.336875
2.450708
1.826928
2.400745
3.306667
2.566653
3.144087
1.842991
2.712065
3.110132
1.245377
3.034333
2.966277
2.917706
2.781503
2.809158
3.101218
1.351915
2.635679
3.165574
3.122711
2.061927
3.12554
2.795455
3.094443
2.522058
2.947655
2.741762
3.166935
2.627258
2.081093
2.543186
2.858417
2.836021
3.048275
2.746233
3.245116
2.8624
2.659456
2.620979
2.731526
3.276468
2.539263
2.93801
3.539891
3.00754
2.721689
3.38493
2.954443
2.994521
2.999965
2.653843
3.175613
3.361916
1.882948
3.619218
2.205049
2.863796
2.282438
3.051133
0.6939427
2.779002
3.223439
3.331736
3.006146
1.781222
2.897164
3.097951
3.300201
2.857645
3.200834
3.143734
3.07988
2.649854
2.725084
3.133796
2.809441
2.744929
2.303259
0.3401437
3.766726
2.885812
2.406827
3.551005
2.534893
3.013361
3.07789
2.236258
2.665783
2.887359
3.110698
3.021134
2.817035
2.876074
3.250982
2.856886
2.882198
2.985753
3.408365
3.17018
2.120755
3.104496
3.387255
2.911973
2.947155
0.01330459
3.047692
2.940566
2.864903
3.143565
3.36729
2.670691
2.880963
2.306615
2.604252
3.187145
3.190139
3.114723
2.418355
2.782567
3.019267
2.32581
2.733416
3.514053
3.046758
3.281806
3.197535
2.711196
3.107865
2.325132
2.884914
2.574532
3.304506
3.246399
3.004987
3.115427
3.118472
3.163212
2.650319
2.996552
2.813337
3.077086
3.50119
3.347557
2.641052
2.526479
2.948907
3.415907
3.043297
2.986594
2.362597
1.058261
2.46525
2.680777
2.199003
3.073085
3.23498
2.194224
1.226776
2.845629
3.410253
3.197366
2.652607
3.405537
3.183253
2.925704
3.331374
2.943328
2.664047
2.875941
2.415002
2.815737
3.411897
2.949304
2.438194
3.314621
3.161633
0.9596821
2.871713
0.6893419
3.416802
2.020201
2.721243
2.56601
2.816277
3.099586
3.567453
3.299056
2.992053
3.010903
2.748113
3.133412
-1.195683
3.560098
2.780326
3.278545
3.237544
2.928946
3.083299
3.196811
1.969525
3.082839
3.005703
3.305214
3.291342
2.743699
2.458458
3.075818
3.095563
3.067302
2.923506
2.863243
2.845132
2.913444
1.651689
2.769761
2.841403
3.184163
3.16986
2.318812
3.113206
2.983824
2.854123
2.011225
3.009597
2.88587
2.75176
2.59246
3.203399
1.950399
1.941674
3.13988
3.353412
1.250685
2.968569
2.720788
2.982067
3.150671
3.523698
2.348351
3.420647
2.457393
3.010989
2.931457
2.69957
2.905448
2.739073
3.155539
2.137746
2.053773
0.5851341
2.864518
3.524912
3.33155
2.878835
2.678223
3.026446
3.345952
1.927608
3.289536
3.333223
3.25685
2.51187
2.517017
2.525152
1.984809
3.104234
2.641772
2.762346
2.622563
3.099292
3.267127
3.348272
3.199258
2.664276
2.394671
2.981556
3.062935
3.417168
3.157356
2.941529
1.460021
3.08858
3.21396
3.043011
2.71635
2.876603
1.813864
2.199281
1.060097
2.265098
2.967182
2.727167
3.060475
3.133207
3.317791
2.854047
2.446454
2.169434
2.580532
2.436082
3.119546
3.486131
3.005813
3.234672
2.819242
3.093106
2.786774
3.357128
2.978839
2.130739
2.689451
2.520901
3.222489
3.086445
3.285767
0.07333864
3.099527
3.286222
2.998729
2.836817
3.404927
2.919306
3.43514
2.802308
2.197434
2.966288
3.240457
2.458016
3.257369
1.335843
1.7242
2.919334
2.862545
2.489885
2.738371
3.536858
2.924714
3.451593
2.885611
2.451152
2.950423
2.418638
3.278741
3.288326
3.024661
2.635739
2.942094
3.30295
3.11302
1.978172
2.780186
2.6522
2.83115
0.8663609
2.813991
3.397051
3.290537
2.719105
2.512629
2.441077
2.447607
3.04754
2.78184
2.98879
2.944083
2.784572
2.056054
2.547463
2.98683
2.060441
3.339479
2.954231
3.080125
2.473439
2.980893
3.585216
2.446082
2.516205
2.613575
2.126938
3.21918
2.526312
3.026727
3.554655
2.728125
2.520564
2.704197
0.1003391
2.593862
3.317329
2.673825
3.399691
2.822907
3.238802
3.299415
2.965267
3.286281
3.067612
2.804319
2.615585
2.989132
3.29486
2.758771
3.237904
2.750703
3.488041
2.862737
3.482984
2.997105
2.450048
2.718875
2.672599
2.602858
3.270466
3.005852
2.242679
2.558393
3.070724
3.275679
2.507489
2.685113
2.044858
1.016738
2.881274
2.88819
3.741709
2.782232
2.684873
3.166356
3.048795
3.222665
3.448271
3.028015
2.91513
2.192448
2.421238
3.214297
2.878655
2.624818
3.323071
2.41504
2.78335
2.235662
2.077767
3.191876
3.303523
2.423094
1.205142
3.118514
2.863174
2.356982
2.790762
3.47767
3.274653
2.880842
2.761534
2.890793
2.800375
2.875572
2.668655
2.610269
1.566217
3.19118
3.304323
3.078369
2.761898
3.447587
3.359004
2.69564
2.734619
2.772678
2.42421
3.225137
2.386915
3.621631
2.884525
3.240853
2.751256
2.003691
1.998383
2.848368
3.231266
3.039541
3.177635
1.920608
2.3791
2.843026
3.544855
3.265732
2.759605
3.458938
3.209856
2.172638
3.234197
2.864214
2.186665
2.216228
3.128141
2.78809
3.542733
1.736125
2.693155
3.193559
3.073009
2.869665
3.364028
3.070788
2.804331
2.898067
3.13369
2.785056
3.237174
1.727828
1.534643
3.33311
3.160394
3.103786
2.810248
2.998134
3.564191
2.775226
3.36458
1.868698
2.531042
2.57806
3.016615
2.960615
3.06574
2.597818
2.604578
2.742456
2.165379
3.524533
3.249785
3.300605
2.893736
2.788316
3.28054
3.244973
2.384038
3.213635
3.086404
1.801022
2.044873
2.72901
2.972137
2.403801
3.219015
3.110415
2.587628
3.188605
2.950854
2.772606
2.30783
3.047221
2.406299
3.394602
3.014517
2.222259
2.931955
2.57725
2.161072
2.651434
2.535301
2.590347
2.822145
2.310171
3.351962
2.974173
3.427436
3.081939
3.122283
1.993891
2.900412
2.552969
2.328122
2.965755
3.058466
2.84398
2.916632
3.003988
3.335167
0.9636227
3.232671
1.690061
3.295911
3.151939
3.087309
3.145812
1.989984
2.825777
2.634189
3.522703
2.912784
3.009635
3.082148
1.466182
2.835927
2.94229
1.911891
2.633768
3.343434
3.196468
3.258502
2.484788
2.968349
3.008179
3.052633
2.353554
3.048556
3.019607
0.03110825
2.487615
2.52114
2.378861
2.470731
2.701231
3.024715
2.302357
3.228929
2.851632
2.936351
2.889246
2.745331
2.9741
2.644923
2.223948
2.888407
3.319972
3.067785
3.107884
3.25858
3.085984
3.208137
2.157581
3.226416
3.129457
1.912859
2.736644
3.053405
3.373451
3.203463
2.860482
1.651921
3.318652
3.211434
3.358971
2.358882
1.150931
2.898492
2.887896
2.901467
3.334099
2.888025
2.631703
2.805727
3.121824
3.095042
2.942397
2.736339
2.65165
3.112765
3.159536
2.615062
2.814316
2.694087
2.473208
2.395932
2.794588
3.107197
0.7271658
3.347146
3.534518
1.25414
2.931148
2.971676
3.473047
2.940037
1.939684
2.597545
3.339756
3.423243
2.483817
2.251247
3.219277
3.376254
2.216253
2.813864
2.968554
3.479986
2.717287
3.612614
2.810114
2.651877
2.325249
3.129265
3.13484
1.910696
3.081077
2.831464
2.538603
3.178608
2.937792
3.337795
2.687068
3.069374
3.232924
2.36369
2.79767
3.321935
3.293462
1.256752
2.818441
2.931409
3.093577
-0.4707997
2.719514
3.254624
2.799017
2.140148
2.358777
3.28766
2.122913
2.954496
3.284255
2.457073
0.7012608
3.065226
3.200279
2.968063
3.025861
1.879943
3.127118
2.553975
3.143171
2.740972
2.659565
2.540841
3.095189
2.909562
3.058822
3.156721
2.560941
1.95493
2.834486
3.527708
2.538718
2.774424
2.307622
1.990364
2.834329
2.970392
3.314763
2.951101
3.413713
3.261436
2.822252
3.463816
2.747649
3.343948
2.656049
2.502097
0.5503111
1.562158
2.816717
3.40863
3.232141
3.154392
3.253401
2.573218
3.179044
3.193149
3.142196
2.704512
3.236946
3.414236
3.246006
2.961153
2.162714
2.886398
2.742149
3.114384
2.717227
3.172344
3.396786
3.095997
3.48224
3.515585
3.157778
2.923915
1.685377
2.98932
2.651857
3.041208
2.67148
0.9414747
3.060493
2.291555
2.888289
3.36724
3.093021
2.505608
2.847986
3.101498
2.480917
2.790129
3.322427
3.102498
2.588654
3.299553
1.879549
2.995766
2.969443
1.53349
2.541618
2.558712
2.568905
2.804059
2.726622
3.385785
3.126773
1.865292
2.723443
1.532024
2.667856
3.06153
3.234744
2.112473
3.25907
2.181384
3.150633
2.932329
2.62742
2.568789
3.279081
2.476929
2.797697
3.162996
3.435956
1.421742
1.225819
2.584139
3.261427
3.294131
2.496228
2.955988
2.917507
3.209662
3.240509
3.088125
3.113129
3.187605
2.976871
2.745888
2.728797
3.164754
2.308809
3.473092
2.646603
2.812921
3.008986
3.212864
2.639078
2.766593
2.41604
2.622906
3.315522
2.633794
3.097354
2.691369
2.813086
3.172951
2.190962
2.629438
3.055827
3.033049
3.344693
3.165746
-1.798633
1.998701
3.047027
1.816038
3.250181
1.401466
2.918056
3.399607
2.940804
3.065752
2.814886
3.351477
3.413659
2.820642
2.669233
2.141166
2.843015
2.330581
3.218176
2.993078
1.576582
2.887578
1.93971
0.5137102
3.06582
3.47614
2.097386
2.800305
3.05183
2.776465
2.925137
3.361766
3.471047
2.474881
2.651428
2.919398
2.901733
2.94648
3.317206
2.549522
3.280387
3.049986
2.746678
2.716213
2.519354
3.045656
2.735521
1.621437
2.255241
3.105647
2.679175
2.04065
2.390712
3.005572
2.577821
2.740227
2.808165
3.101462
1.716677
2.553727
2.547298
2.555664
3.109197
2.573702
3.386906
2.272241
2.811398
2.412335
3.179882
3.74378
3.61939
3.179057
1.98463
2.68913
2.98963
1.973175
3.084988
2.944797
2.011631
3.333363
3.309914
3.157393
2.344518
2.802483
2.459608
3.019809
3.159003
1.74804
3.184834
3.078466
3.273511
3.004353
3.288115
1.999016
3.496243
3.285689
2.895036
3.008593
3.204485
2.841134
3.174148
3.065521
3.420931
2.681104
3.322582
3.248836
2.676002
2.571363
2.049852
3.029689
2.577915
2.23564
3.448293
3.036896
3.094055
2.843048
2.515783
2.695314
2.824643
3.256088
2.874657
1.580058
3.236241
2.717559
3.309229
3.505708
3.036285
3.035126
2.335129
3.116617
2.430919
2.96852
3.561534
3.03485
2.983491
3.095968
3.239958
2.986944
2.489623
2.988926
2.344095
2.61891
3.444197
3.223474
3.175634
2.287109
3.212028
1.360652
3.113094
3.186054
2.715235
2.963266
0.1422624
3.2284
2.890689
2.694529
2.154581
3.43762
3.197645
3.45548
2.679942
2.46551
2.764253
2.308708
2.669102
3.281414
3.002423
3.154557
2.713092
3.428934
2.964157
2.833559
2.760314
2.619453
1.934462
2.377454
2.944151
3.145927
1.572774
3.442696
2.590175
3.436487
2.919736
3.56157
3.224671
2.859801
3.188732
2.463575
2.659387
2.973779
2.850552
3.123081
3.078245
3.470573
2.280405
2.800948
3.060028
2.692681
3.026512
2.836782
3.210972
2.647952
2.699677
2.807218
3.149523
3.388592
2.544576
3.022738
2.915957
3.733887
2.565075
2.890654
3.605994
3.057343
3.283909
3.269844
2.33049
2.278702
2.77038
2.081763
1.598002
2.87652
2.490898
2.658074
1.4403
3.046018
3.029338
2.945919
3.103219
3.251382
1.841739
2.761853
3.133293
1.618677
3.510326
2.752537
3.199968
3.239768
2.799832
3.199138
-1.965904
2.820315
2.835317
3.163333
3.039588
0.6472449
2.403661
2.626376
3.325291
2.847975
2.964527
2.969477
2.4391
2.571548
3.060435
3.129636
2.621695
3.238239
3.099203
0.3876698
3.409199
3.5093
2.921544
2.562383
2.789896
1.998389
3.068718
2.904599
3.300231
-0.9298201
3.184129
2.920198
2.113223
3.062197
3.106218
3.037021
2.448672
2.920298
3.284666
3.081002
3.351797
2.949544
2.336395
3.237541
2.921351
2.359134
3.059542
1.913011
3.031172
2.058906
2.745192
3.076834
3.201818
3.141667
3.174356
2.764113
2.279386
1.979946
2.723712
2.396646
1.841257
3.116618
2.936825
3.032627
3.343065
0.9313248
3.118128
2.444031
2.864159
2.889391
1.96151
1.628265
3.083495
2.795755
2.637275
3.086011
2.665964
3.234701
2.838028
3.038988
3.166971
3.141386
3.248406
3.387028
3.083428
2.851382
3.101543
2.961361
3.06164
2.94411
2.777207
3.44465
3.078816
3.087616
2.96771
3.121723
2.989367
3.20508
-0.4120362
3.299221
3.07952
2.712757
2.030755
2.993105
1.941245
2.805154
3.042481
2.993811
2.909975
3.267196
3.020058
2.538708
3.438659
3.134833
2.431937
2.663643
0.6589002
2.580134
2.662544
3.38229
3.377804
2.974716
2.822422
3.178098
3.115096
2.336651
2.861379
2.83159
2.4692
2.186653
2.223867
1.992049
1.948476
2.057912
2.887711
3.119777
2.45754
3.235353
3.188353
3.107917
0.665262
3.457276
2.622179
2.613192
2.816426
2.802424
2.993281
3.233199
2.58216
3.045849
3.081402
3.407269
1.38169
3.439092
3.136277
2.051471
3.185001
3.171238
0.378075
1.260232
3.248703
2.990771
3.255218
3.076286
3.382549
3.051507
2.999738
2.820933
2.727475
2.932141
2.973508
2.477491
2.621011
3.262242
2.708311
3.051808
3.411217
2.861713
1.881413
2.133482
2.823164
3.342343
1.632151
2.098693
2.604188
3.086593
3.538836
3.089364
2.684978
2.987301
3.805815
3.289867
3.28466
3.130699
2.510071
3.173598
2.472166
3.529651
3.30738
2.518224
2.465728
3.021531
2.594878
3.131568
3.322897
2.645583
2.730557
2.501419
2.911772
3.16134
3.236743
3.306508
2.637496
3.426571
3.542015
2.686252
2.893648
3.208744
2.816703
2.850807
3.148552
3.028534
2.333102
2.422671
3.198289
3.374499
1.586588
3.313679
2.44906
3.178625
3.090871
3.473932
3.176197
2.849508
2.455069
1.456055
3.345951
2.914772
3.4176
1.623053
2.062769
2.8783
2.980956
1.601894
1.394611
2.415559
0.06854056
3.21865
2.851413
3.046999
3.089135
3.133837
3.270142
2.666591
3.188679
2.552614
2.939478
3.509409
2.723982
3.339167
2.880792
2.932527
3.539613
2.651209
3.03787
1.345426
1.26941
2.694247
2.439477
2.833647
2.763441
2.773092
3.251065
2.932182
3.05405
3.495907
3.139491
3.273319
2.897008
2.481119
2.540944
1.991736
3.591025
2.859135
3.159182
2.593726
2.211748
3.06101
2.565925
3.541794
2.508152
2.707246
3.192677
2.905096
3.138857
3.183305
3.134499
3.34231
3.202682
2.970227
2.977801
3.148304
3.000838
2.955018
2.556323
2.09438
3.349814
2.95327
0.8610136
2.205965
2.470715
2.384478
3.031885
3.25635
3.416132
3.217764
3.221498
3.238739
3.169282
3.509825
2.630464
3.121349
2.700346
3.059655
2.57888
2.487307
2.399758
2.261869
2.495782
3.130358
3.31307
2.864326
3.423219
2.725242
2.264834
2.83424
2.712354
3.286702
3.127423
3.161517
3.309918
2.873672
3.028464
2.56307
3.29838
2.899528
3.132406
3.480692
1.591083
3.224252
2.96496
2.98015
2.627238
2.250106
2.331397
2.334603
2.784723
2.780177
2.713647
3.38787
2.810341
3.196545
3.096598
2.799293
3.090112
1.374028
3.444379
3.238641
2.309479
3.003742
2.764326
3.174941
3.203107
0.5447652
3.012627
2.941171
3.385333
3.529257
2.508288
2.400141
2.778164
3.491294
3.066332
2.428095
3.514295
2.507247
2.698662
1.463662
2.526981
2.792707
2.78728
2.966964
2.067836
2.871836
3.113586
2.66038
3.105526
3.011618
3.257565
3.163234
3.117713
3.167964
3.014332
3.358154
2.735294
3.247759
2.784014
2.122257
2.868646
2.890672
3.084438
2.011407
2.470652
2.534411
3.33115
2.30279
3.139226
3.083596
3.472737
2.782233
2.836071
2.987018
2.647561
2.691484
2.572331
2.348425
1.920693
2.936052
2.754934
2.67505
2.852652
3.090476
2.500624
2.988998
3.112512
2.588451
2.811818
3.443544
2.118594
3.075827
2.018879
2.143198
2.730026
2.852261
2.914605
2.880418
2.975446
3.406102
2.657405
2.337315
1.926195
3.107245
3.173617
3.149794
3.1079
2.896969
2.762087
2.705647
3.224034
3.354446
3.06797
2.61277
3.268704
1.997844
2.424647
3.027027
3.083501
-0.4751596
2.61471
2.99928
3.203564
2.008799
2.778387
3.07169
3.077966
2.928245
3.161975
3.044769
3.030537
2.55774
1.777661
3.119907
3.200771
3.000817
3.103382
2.880808
3.255407
3.594722
2.800754
3.376864
0.7317714
3.094526
2.745837
3.306136
3.05252
2.89735
3.152987
3.15544
3.285595
2.839197
2.776249
3.222029
3.40968
2.185945
2.667446
3.095987
2.645265
2.848821
2.796222
3.063019
1.789418
1.633234
3.339518
3.243299
3.056089
2.217277
3.130339
2.950738
3.426205
2.600137
3.156184
2.750928
2.346622
3.572755
3.53974
1.222212
2.981414
2.624533
3.287613
2.224828
3.073045
3.294628
2.789751
2.933048
3.426017
3.004779
3.148981
2.772542
2.435011
2.989488
2.645959
2.991696
2.035017
1.61182
2.935964
2.628568
2.69899
3.488528
3.289854
3.332748
3.454832
3.064199
2.861963
3.125396
1.341965
3.265248
2.757112
3.350158
2.956094
3.202469
3.224361
3.069234
3.048723
2.999371
2.354674
2.929403
3.109857
3.010484
2.719648
3.040457
2.88085
3.363723
2.390452
2.879683
2.207259
3.521528
3.07825
2.437087
2.618221
2.447965
2.803478
3.104685
2.779863
3.030582
3.071413
3.090661
2.10204
2.157799
2.966262
2.540634
3.235947
2.897622
2.862056
2.944929
3.136291
3.238882
2.919246
3.290239
3.136378
3.511387
3.121014
3.061029
3.087858
1.014687
2.081512
3.082524
3.541733
3.152286
2.930366
2.708475
3.636704
2.963646
2.954034
2.276567
3.360322
3.187457
3.126118
2.915576
3.184525
2.275668
3.007158
3.458437
2.926133
3.050362
3.207894
3.232725
2.642278
3.409795
2.419456
3.327741
2.807164
2.627803
2.730711
3.209026
3.00632
2.808521
2.159327
3.105792
2.409757
2.810495
2.646772
3.091568
3.365625
2.496804
3.118192
2.884431
1.581577
3.120932
2.162969
1.833479
3.502416
3.105334
2.317481
2.916476
2.719271
2.854995
3.553496
2.315442
2.707258
3.020941
2.616103
3.008883
3.086844
3.255334
3.100248
2.974438
2.994775
3.301666
2.466685
2.914917
3.439028
2.877635
2.86694
3.523802
2.529283
2.372714
2.756278
2.581104
3.11385
3.044446
2.246779
3.13886
3.182793
1.905095
2.991071
2.557449
2.158382
3.232171
2.67088
2.488146
2.928696
2.662175
2.606728
2.449747
2.6733
2.917996
2.385951
3.616266
2.933399
3.294064
3.354488
2.685746
2.355125
3.407776
0.7387427
3.397963
2.97874
3.079554
3.274721
2.694876
3.229775
3.196678
3.068684
3.071527
2.125223
3.014204
3.178539
2.668703
-2.742223
2.389612
2.648095
2.167408
2.287209
2.961722
3.335037
2.779606
2.022831
2.363132
2.950654
3.057747
3.487149
3.349093
2.292011
2.977262
3.030465
1.613794
2.282299
2.992415
3.537597
3.009105
2.309623
3.309563
3.392679
3.023807
2.20694
3.000574
1.934515
3.009407
2.772892
3.427814
2.615683
2.82887
2.97201
2.745214
3.196913
3.165233
2.077766
3.118225
2.894026
2.524502
2.993841
3.341767
2.806054
2.975704
3.017586
3.301423
3.241292
2.667989
2.789471
3.227262
3.221604
2.988033
2.404452
2.170944
2.62071
2.912477
3.33686
3.191405
3.244686
3.532155
1.645247
2.070479
2.802611
2.884171
2.671898
2.377258
2.704446
2.548863
1.123795
3.02791
2.509363
2.73974
2.105051
2.560197
2.543049
2.914739
3.072124
2.331518
2.581442
2.353518
1.660179
2.285675
2.572917
2.90041
1.969006
2.85828
3.511233
2.798672
3.381788
2.882657
2.789817
3.036759
3.127993
2.731101
3.41467
3.190815
2.565497
2.79667
3.297778
1.870315
2.95546
3.212381
2.415296
2.633967
3.036325
1.230908
2.309126
2.489958
3.229102
2.430431
3.338961
2.615512
3.176026
2.985736
3.492488
2.818954
2.917407
0.9085032
2.961515
2.253438
2.964538
3.103675
3.215316
2.221357
2.574785
2.653096
2.186971
3.130322
2.110018
2.312257
3.310256
3.40651
2.970991
2.686362
2.194013
2.572498
3.402658
2.690047
2.806762
3.364105
3.037126
3.209162
3.413022
2.969135
1.909961
3.200227
2.5363
2.975908
2.493601
2.706626
3.040174
2.409179
3.525494
2.621434
3.035209
2.983841
3.106614
3.024959
3.052319
3.11638
2.865707
2.245763
3.001505
2.849633
2.086558
1.776333
3.411931
2.632051
2.233583
3.071053
2.491969
3.285953
2.635966
2.846191
3.212088
3.225872
3.212476
2.590603
2.633938
2.468319
3.327731
2.940633
3.238754
3.315857
1.962395
2.823334
2.818032
0.9026883
2.663075
3.419033
3.155481
2.952362
2.945547
2.479818
3.061346
3.423165
2.99743
2.569876
2.509492
3.020871
2.888528
1.093145
3.117657
2.939451
3.362913
3.06828
2.869461
2.742604
3.236247
3.561896
3.358364
2.677127
2.661246
2.899221
3.0254
2.857909
3.143225
2.150361
3.414948
2.731296
3.211558
2.890551
3.361001
2.160379
3.065175
2.962447
3.161485
2.648714
3.002706
3.435193
1.762063
2.889518
2.954191
0.07165497
3.136031
2.944787
3.254908
2.368803
3.361066
3.377746
3.660661
2.919064
3.107929
-0.1992986
3.170338
2.720035
2.964707
3.159105
2.846843
3.351168
2.764685
1.514229
3.246657
2.547064
3.387251
3.158154
3.131161
3.503878
3.028303
2.906225
2.933835
2.032687
2.8969
2.917005
2.942051
2.953607
2.929441
2.621199
3.056448
3.054998
0.6248236
3.014928
2.124005
3.092329
3.075078
3.180823
2.781338
3.019031
2.554627
3.305851
3.385725
2.678679
3.108291
3.154332
2.700662
3.156102
2.453427
3.194864
3.404043
2.641658
2.541153
2.382639
2.498654
2.726444
3.351022
2.486097
3.406603
3.132031
3.069507
3.139053
3.136101
2.641069
2.107541
3.132687
2.610548
3.209892
1.700929
2.923552
2.711334
3.445951
2.500185
2.708577
2.902188
2.607806
2.958073
1.756026
3.076929
2.646858
3.336295
3.490485
2.238393
3.083078
2.87453
3.282941
3.031437
2.639347
2.92366
3.292847
1.818091
3.315509
2.766245
3.197043
2.493444
2.856304
3.003899
2.6042
3.390327
3.33638
3.273519
3.199679
3.456574
3.050665
3.245426
3.515133
3.23339
3.019972
1.314951
2.343885
2.421808
3.174906
1.918337
3.218236
2.278309
3.348977
3.324175
2.503151
3.159857
2.905631
3.16313
2.771935
2.848712
3.022738
2.776376
3.073543
2.84757
3.402544
2.308067
3.177894
3.077259
2.190827
3.409235
3.154607
3.000555
2.751585
3.040544
3.018048
3.390679
2.927858
2.696995
2.407899
2.197118
3.086271
3.077034
3.197333
2.419715
3.562315
2.512897
3.258697
2.795221
2.844686
2.975088
2.996198
3.049489
1.934603
1.943295
2.836559
3.108517
1.912572
3.436352
3.410465
3.009525
2.795567
3.213794
2.789175
3.231045
3.199275
3.258659
2.480977
2.900967
2.577555
2.938448
2.900168
3.018865
2.409539
2.845344
3.548771
2.335237
2.915597
2.929246
2.827222
2.907091
3.397719
3.328253
3.102949
-0.1353072
3.514919
1.887999
2.731486
3.127054
2.932898
2.898751
2.578737
2.7798
3.116309
2.772795
2.001872
3.147526
3.054011
3.438259
2.539323
3.427439
3.023969
2.940771
3.254929
3.113826
2.553237
3.027619
3.224369
3.030515
2.404287
2.455455
1.58805
2.821334
3.088387
3.208922
3.051655
2.391827
2.91721
3.129845
2.502529
2.809572
3.377669
3.820997
1.898926
3.300429
1.597073
2.608757
1.087395
3.119211
2.917744
3.205596
3.037204
3.228496
2.877755
2.756625
3.133419
2.671841
3.527919
2.771626
2.938318
3.122121
2.599635
2.588998
3.18341
2.763392
2.911234
2.693847
2.638562
3.04377
3.190388
2.994229
2.734947
3.070664
3.011018
2.542029
2.974067
3.281442
3.270509
2.966893
2.533323
2.640985
3.046833
2.847374
2.942276
2.942712
1.962113
1.987146
2.95577
3.244606
2.076102
2.774751
3.544984
3.096353
2.148106
2.993057
2.590205
3.224009
3.045882
2.687587
2.988065
3.463785
3.018506
3.235156
3.016378
2.990259
1.994401
2.854216
2.915215
3.245566
2.866503
2.434204
3.075297
3.072861
3.569853
2.227317
2.938353
2.877058
3.197956
3.079783
1.835713
3.299386
3.2421
3.067052
3.034206
2.726055
2.514569
1.817126
2.874427
2.738536
3.213747
2.715498
2.785347
3.094422
3.508414
2.811619
1.737485
3.004118
2.305058
2.700196
2.254776
3.093918
2.90008
2.168208
2.494717
3.306732
3.16716
3.485807
2.926727
2.539122
2.125588
2.406572
3.059985
2.49534
2.570593
3.448577
3.482058
2.873227
2.348197
2.949102
3.479172
3.216047
3.339122
3.036695
3.361836
2.305718
3.157134
2.637212
3.146492
3.291267
2.279587
2.918481
2.903035
2.029336
2.862672
2.026649
1.009805
3.157658
3.067544
2.682091
2.515772
3.389062
2.675167
2.828647
2.671965
3.579128
3.295997
3.032115
1.295233
3.314134
2.647926
3.215989
3.007741
3.385208
2.911815
3.158258
2.963213
2.821515
3.072851
3.390264
1.854529
3.291226
2.908252
2.47397
3.285157
3.08137
2.389887
3.181328
2.998641
3.22052
1.721761
3.62365
3.504636
2.738054
2.975382
3.029621
3.291028
3.247547
0.9692074
2.778104
2.943313
3.387219
2.607125
2.836439
3.029886
2.234219
3.002075
3.345905
3.262305
2.64897
3.397585
3.271016
3.104124
2.410319
3.203587
2.202966
3.225067
3.327801
3.218259
2.715296
3.047051
3.603941
2.362538
2.731909
2.9163
3.195253
2.712358
2.471293
3.295276
2.810155
2.656238
2.305654
3.372637
3.189083
2.784652
3.283887
2.971357
3.009353
2.897487
2.503704
3.049306
2.849751
3.193586
2.587436
3.041163
2.71358
2.842626
2.675096
2.672405
2.403145
2.432576
3.321395
3.341275
3.621258
2.67763
2.251825
3.45774
1.496525
2.835137
2.060241
3.021201
3.50366
2.59902
2.821927
3.055402
2.919522
1.7145
1.581054
3.213248
2.292847
2.96958
2.700152
2.737799
2.863431
3.377693
2.817961
2.62435
2.446863
2.025625
3.345381
2.6942
3.027671
2.320346
3.065549
3.02877
-1.744737
3.409153
2.885739
2.573141
3.025433
3.092661
2.661029
2.231221
3.246409
1.683658
2.748705
3.088523
2.140781
3.414154
2.962597
3.262699
3.163336
2.89056
2.247875
3.24564
3.508591
2.999299
2.994933
2.660884
3.005211
2.603372
3.440456
2.891189
3.129851
2.547322
2.37583
2.872608
3.324472
3.333887
3.281308
3.384473
2.95614
3.325258
2.404925
2.546242
3.472362
3.078364
3.082686
1.758446
2.404875
3.109611
3.083335
1.963485
2.413029
2.957095
2.781795
3.21896
2.359591
3.408794
3.112847
3.106295
2.418314
3.237997
2.349598
3.314393
3.135201
3.419629
2.589112
3.225648
2.652347
2.990785
3.083901
2.159865
2.937202
2.54933
3.07345
3.174737
2.678037
3.120095
3.447785
2.707146
3.087458
3.461313
-3.705845
2.161636
3.136774
2.455389
2.742339
3.027081
2.181651
3.213064
3.014568
3.333978
3.171564
3.05039
2.823413
2.329651
3.387617
3.428874
2.853091
3.289064
3.095094
3.53487
3.528369
2.72935
3.466
2.783718
-0.2115794
2.839769
2.9404
2.425743
0.813812
2.13592
2.631987
2.231906
0.8106206
3.169478
3.496217
3.019636
2.923517
3.078186
2.274283
3.046136
2.934417
3.060853
2.924429
2.528049
1.686211
3.165622
3.040706
2.064402
2.618142
2.994153
2.037248
2.402842
3.035141
3.251299
2.938978
2.476159
2.90082
2.854531
3.097959
3.240041
2.748842
3.124211
3.224873
2.589162
2.772546
2.835117
2.943443
3.653999
3.10483
1.931562
3.17512
3.116663
2.020769
3.018927
2.167405
2.917348
2.726329
3.059927
2.897241
0.433983
2.279078
2.483687
2.836298
2.868473
2.787693
3.219197
3.056155
3.390914
2.340953
2.122938
2.141792
2.997999
3.047426
2.422568
3.114184
2.542212
2.496692
3.116032
2.931305
2.546666
3.124213
3.43729
2.97279
1.972605
3.266722
2.057124
3.039972
2.885088
2.674204
3.279761
2.727492
2.276211
3.129224
2.173581
2.535931
2.478991
3.246441
3.321258
3.044104
2.904191
2.210649
2.689249
3.3852
2.852923
2.869738
2.913547
3.153395
2.16201
2.562995
2.595837
3.288521
3.444971
2.877228
2.511208
1.538945
2.998298
2.842931
2.745893
3.338098
3.253977
2.763956
2.290493
2.9817
3.057443
3.406548
2.724947
2.944423
2.897525
3.326276
3.19731
3.013363
2.942856
2.688134
2.055402
2.931574
2.922319
2.711525
2.440145
1.711324
3.502147
2.040918
2.372174
2.828109
3.420813
3.127706
0.8308574
3.836444
2.994952
3.386711
2.730109
3.163047
3.691467
3.115015
3.147977
2.921933
3.086881
3.133026
2.795994
1.406574
3.242417
3.188664
2.903166
2.959341
3.326141
1.962171
3.053387
3.093794
2.547478
2.933951
3.21733
2.050735
2.711535
3.259472
1.440034
2.629622
2.765008
2.773924
3.04865
2.956584
2.886601
3.484509
2.971308
2.841333
2.65062
1.295753
3.296046
0.1449817
2.769812
2.326775
2.634869
2.558974
3.079335
2.483937
2.902852
3.601002
3.580465
3.329408
3.069142
2.44162
2.711917
0.5820669
3.510778
2.714216
3.500626
3.037179
0.4311049
3.011689
3.503494
3.395118
3.341413
1.984153
2.853689
2.615973
3.110389
3.477071
3.031556
3.128711
3.328371
2.760124
3.298709
3.161411
2.965798
2.530399
2.784277
2.683955
2.836237
3.619262
2.984317
3.116251
2.861032
2.898276
3.237829
-0.08904586
2.898942
0.4987752
2.581661
3.118459
2.942371
2.916434
3.11645
3.397649
2.872575
2.514791
1.716726
3.043476
2.797007
2.589681
2.364861
2.397837
2.295704
2.993458
2.817448
3.190531
3.000276
2.868421
3.257712
2.373248
3.117131
3.054429
2.535847
3.097557
3.505455
3.051235
2.984418
2.32115
2.950567
2.236253
3.257691
3.631473
3.028271
2.629871
1.602296
2.551936
0.8590132
3.064845
3.072265
3.537561
3.145458
2.158748
2.886363
3.021668
3.329505
3.412823
3.108078
2.829082
2.739113
2.931056
2.994633
1.391283
3.471104
3.266253
1.590675
3.30241
2.179955
-1.296452
3.327745
2.003769
3.02586
2.92496
2.926897
3.351261
2.889338
2.186749
2.37891
2.878663
2.834045
2.339082
2.212
3.205623
2.667322
3.192971
2.661534
2.863382
3.145056
3.053069
2.959633
2.350722
3.018721
3.306419
3.410943
2.814758
2.832519
3.161247
2.958191
3.126333
3.343414
2.972253
3.213195
2.466547
3.029733
3.003866
2.381052
2.763667
2.722348
3.099418
2.952432
2.928307
2.967347
3.173639
3.030863
2.464524
-2.691671
2.762708
2.92236
3.300405
3.192294
2.721183
3.318465
1.905154
3.137806
2.388744
3.013963
3.139644
2.441614
2.587175
0.6582504
3.570357
3.129262
3.296131
2.345616
3.182447
3.247627
2.886868
2.78615
3.194721
2.457266
3.150957
2.61363
3.680533
3.141876
3.057913
3.000118
2.265897
3.328748
3.389489
3.095173
2.684595
-0.5818213
3.184625
2.936678
3.015624
3.197641
2.965368
3.267924
2.710765
2.898991
3.075347
2.864809
2.32908
3.021386
3.250964
3.133427
3.05536
1.558053
2.941407
2.846616
3.058887
2.727296
2.94196
1.991991
2.708428
3.072078
3.157564
1.778692
3.113086
3.160708
3.182665
3.026685
2.365844
3.556112
3.310595
3.026609
2.559458
2.638226
3.223479
2.634016
1.639047
2.09942
3.345539
3.218235
1.85638
2.775936
3.095842
3.091878
2.986492
3.083389
3.178609
3.268996
3.253817
1.072126
2.631266
2.855166
2.776232
2.522273
3.439676
2.97642
2.91643
2.79752
2.823389
3.169454
2.923716
3.393081
2.793047
3.015356
3.25513
3.228417
2.816071
3.088653
2.898249
1.797628
2.432186
2.370445
2.822073
2.966947
2.976669
2.957795
3.141054
1.926423
2.305827
1.585844
3.390887
3.316718
2.860216
2.779386
2.654206
2.71828
3.031166
3.314307
3.299978
3.280418
3.413042
3.051318
2.211336
3.030334
2.903242
2.867235
3.243947
2.767324
3.226847
2.499047
3.435686
3.266947
3.125263
2.555387
3.038285
2.747838
2.762299
2.602766
3.129044
2.900845
2.872635
1.389188
3.364709
3.454373
1.871501
2.678268
2.58291
2.53998
2.808337
2.977104
3.226558
2.187719
-1.320619
2.915647
2.84447
2.766446
3.103384
3.129759
3.663423
2.633078
3.315921
3.528409
2.750782
2.966138
2.435916
3.067612
2.921585
3.435516
2.797667
1.09483
2.120461
2.892673
3.016068
2.743677
2.949033
2.970634
2.759732
2.785227
2.663959
3.0676
2.393306
3.039121
2.238243
2.197109
2.600576
2.897527
3.194786
3.42104
2.927533
2.882205
3.055513
3.050125
2.554874
1.972134
3.028063
1.682137
3.266428
2.092902
2.901529
3.390462
3.022925
3.190223
3.148558
3.228396
3.117376
2.870986
2.652042
3.218629
2.582582
3.130074
2.819537
2.476471
2.817208
2.620338
3.12551
3.223334
2.875787
2.883799
3.03365
3.306924
2.654517
3.260706
2.738386
2.683232
2.978354
2.422637
3.186575
3.126333
3.013875
3.701604
2.831232
3.448219
2.188371
2.540389
2.828654
2.153345
2.912805
2.878638
2.587859
3.37535
3.244599
3.26263
3.188848
2.639094
2.708426
2.858671
3.293472
3.081474
2.000531
3.1006
3.476439
3.299467
2.177301
3.53583
3.037151
2.814503
2.756745
2.702486
3.192192
2.943139
3.094062
3.118165
-0.6466761
1.46405
3.169789
2.968886
2.327654
2.866119
2.664965
2.881365
3.359281
3.008852
3.102652
3.075914
3.007419
3.118649
2.820452
1.149127
3.285044
3.083215
2.957313
2.963616
2.71769
2.763237
2.813762
2.7698
2.102715
2.921995
2.801852
3.316275
3.706055
3.074801
2.939783
2.511239
2.460894
3.496403
2.991017
3.530728
2.509361
2.293929
1.982128
2.887588
2.656991
3.536916
3.165799
2.788964
3.110751
1.759691
2.8268
3.156159
3.05949
2.645709
1.602802
0.2264924
1.747822
2.701197
3.240434
3.368004
2.367055
2.26752
3.113584
2.490997
2.78907
2.857029
2.699946
2.45692
3.160355
2.888302
2.711936
3.041858
3.100718
2.753058
0.6182856
2.358713
2.880648
2.533657
1.390903
2.931397
2.725721
3.447984
2.167308
2.954754
3.124737
2.791988
3.18225
3.038425
2.714149
3.332284
2.759267
3.483433
3.448079
3.548869
2.780653
2.326337
3.302472
3.137036
3.376227
2.859183
3.422367
2.963787
3.170865
3.244867
1.276497
2.919317
3.188957
2.96551
3.191222
2.709999
2.094523
3.31693
3.434961
2.866174
0.772657
2.79604
2.519987
2.050411
2.582179
2.97154
2.897803
2.303181
3.393297
2.584722
3.292621
2.484146
3.092988
2.582882
2.342975
2.216173
2.69526
2.651077
3.199373
3.43351
3.082298
3.072976
2.378149
2.954399
2.892193
3.360551
3.11256
2.409208
3.238881
2.170678
3.034793
3.173566
2.677582
3.430725
2.577501
2.89956
3.280682
2.132032
3.092374
2.251435
3.329132
2.649068
3.248076
2.897369
3.152541
2.354416
2.693428
3.120281
2.434847
3.098884
3.490404
3.115175
3.265286
3.203399
1.841255
2.925301
3.456323
3.468169
1.970895
3.099795
2.900027
1.828054
3.156201
2.852103
2.281276
2.877138
2.664336
2.838022
3.441041
2.612532
2.794317
3.098776
2.566137
2.917881
2.843244
2.889195
3.143345
3.153395
2.945464
2.893851
2.268034
1.884903
2.613626
2.434518
2.025434
2.660306
2.016608
2.8087
2.747405
1.145326
2.370918
2.903664
3.102162
3.371085
3.237402
3.040751
3.083223
3.271189
2.620529
3.188557
3.184204
2.764296
2.504998
3.051962
2.669873
3.168064
3.222654
2.4185
2.618174
3.275038
3.221376
2.765574
3.048616
3.181705
3.489612
2.85217
2.924534
3.097142
2.330742
3.440978
2.805348
2.633912
2.654913
2.863058
3.083893
3.191728
2.746063
3.119531
2.139611
2.988587
3.277308
3.391682
3.376811
3.34663
2.228348
0.291063
3.423008
3.446905
2.511478
2.923074
2.847607
3.412309
2.400813
2.358417
3.214782
2.785263
2.913378
2.70645
2.856492
3.053293
3.169733
3.305694
3.079961
2.85514
3.272538
2.576339
3.250742
2.669016
2.477032
3.355291
2.815259
3.555985
2.645288
2.845015
3.329948
3.340197
2.891348
2.888284
2.924499
3.040613
3.235783
3.229635
1.508469
2.949424
2.588661
2.513356
2.876117
2.737931
3.095129
3.128184
2.181234
3.494527
3.17415
3.07164
3.077364
2.928543
2.45582
3.138148
1.69919
2.935322
3.185517
2.846511
1.497644
3.032452
2.644233
2.93239
3.159211
3.082432
3.08883
1.806849
3.339743
2.266173
3.394024
2.987839
3.420637
2.072536
3.294877
3.100152
2.83672
3.229744
3.443219
0.7656109
3.033045
3.246567
2.78453
3.047717
3.118568
2.890333
2.956615
1.93592
3.358213
3.296201
2.621649
2.997067
1.616738
3.451754
2.272905
3.407503
2.926284
3.248513
2.761661
3.005865
2.605317
2.712629
2.928581
2.873761
3.056426
3.160172
3.292757
2.443165
2.485172
3.173935
2.726111
3.154169
-3.807854
2.27614
2.867233
3.632447
3.263459
1.925497
3.508699
2.975038
2.634597
2.92829
3.194102
2.840257
3.291249
3.243512
2.180154
2.091144
2.621795
3.17803
1.270711
2.483687
2.521978
3.314175
3.260333
2.966507
1.668659
3.130334
2.66389
2.804635
2.089763
3.297965
3.300094
2.923443
2.989727
2.989551
1.353558
2.688933
3.05912
3.11294
3.161794
2.868301
3.331034
3.050874
2.841475
2.968091
3.266519
2.589205
2.864981
2.237994
3.058055
3.378048
2.778969
3.027242
2.964006
2.620268
3.014743
2.93529
1.869836
3.065264
2.105875
3.207285
2.890774
2.834393
2.111812
2.388274
3.277137
3.457983
3.080525
3.203143
2.985939
2.591458
2.482045
2.924262
2.6456
2.685519
2.903542
3.421263
1.963629
2.874651
3.320452
2.994826
2.937864
3.123503
3.079515
3.30854
2.542033
2.445588
2.354978
2.868304
2.58849
3.331412
3.181913
3.158647
3.330237
2.510271
2.596509
2.78216
2.296354
3.047829
3.101801
2.749328
3.524782
3.328652
1.731712
1.88216
2.795507
2.393996
3.137977
2.866277
2.953843
2.584595
3.12072
3.058756
2.327341
2.977855
2.61927
2.793283
3.084976
2.953975
2.753321
2.894459
2.909724
2.666619
2.848694
2.669172
2.790225
3.309497
3.065105
1.362416
2.631025
3.052966
3.428204
2.716679
3.083608
2.952631
2.819585
2.931802
2.818869
3.738505
2.780245
2.9096
2.420296
2.957148
2.376041
3.173479
3.250648
3.051468
2.967962
2.094965
2.459428
3.328646
2.800586
2.842366
1.793783
2.820793
2.986164
3.08409
2.988302
3.305261
2.360633
2.80079
2.329293
3.009101
3.044787
3.529356
3.192477
2.119601
3.046682
2.923939
3.056233
3.119679
3.422404
2.853885
2.927813
2.332528
2.964273
3.130119
2.274274
2.888646
3.376579
3.116516
2.939628
2.907027
3.069116
3.446695
2.81527
2.850553
3.295755
3.40914
3.262133
2.862409
3.178423
3.364741
3.01616
1.896317
3.084468
2.619606
3.379232
2.851995
2.917578
2.319003
2.566066
2.731204
3.170046
2.942648
3.284093
2.042007
3.405823
2.60293
3.32793
3.429125
2.624601
2.973517
2.781294
2.926565
2.294138
3.221314
3.250736
3.184893
2.673847
3.152539
2.560971
2.651823
2.549833
2.328501
3.691552
2.670895
1.454105
1.384688
2.837976
1.559322
3.202265
3.376241
3.054686
3.089855
3.342015
2.976324
2.723708
1.810183
0.6185603
3.020227
2.262559
3.461515
3.382435
3.326231
3.455633
2.99265
2.839327
-1.524576
2.984059
3.059206
2.959424
2.421446
1.397649
0.6438299
2.705165
3.266453
3.349619
3.479922
2.178768
2.156783
2.844322
3.293586
3.092151
2.787995
2.800603
3.061356
2.541971
3.29094
3.454384
3.504636
2.629916
3.317702
2.686946
3.168435
2.042916
3.066585
3.010944
2.990136
3.514945
2.661344
2.871076
2.456254
3.034455
3.407448
2.683978
3.113144
2.967092
3.411511
2.07688
2.353932
1.845963
2.482436
3.071257
2.783562
3.036414
3.311349
2.272126
2.199103
1.339745
1.108317
1.966403
2.939239
3.095407
2.893802
2.780762
3.477075
2.79089
2.765781
2.477187
2.880668
2.93011
3.274331
2.369983
3.317561
2.056553
3.0878
3.417345
2.892067
3.031443
2.755334
2.445128
3.093796
2.662183
2.122101
2.142505
2.707325
3.129545
3.168784
3.071852
3.54605
2.61362
3.17254
3.631125
3.2115
3.01905
3.2934
3.174272
2.091504
2.987112
3.190411
3.092003
1.95583
3.590757
2.844066
3.039223
3.213874
3.391365
2.201965
0.9182186
3.561878
2.714231
2.586181
3.558306
3.147549
1.115435
2.301406
3.410067
2.614872
2.730063
3.03496
2.802571
3.033126
0.7415271
2.377085
3.042676
1.603866
3.390199
2.513583
2.775997
3.225972
2.883889
2.958051
2.01852
2.942601
2.391533
3.09106
2.182383
2.383805
1.796049
3.185759
2.920493
2.147846
2.969268
3.009043
3.3714
3.147478
2.813951
3.224611
2.378914
2.392204
2.949884
1.032891
3.285022
3.623732
2.622614
3.150965
2.107116
3.017031
3.341525
3.20631
2.788031
3.170002
3.098746
2.294953
3.424091
2.60577
3.556569
3.079864
