-0.1066105
1.40379
1.540939
0.2826753
4.431819
-5.059282
-1.522362
0.6281003
-0.8291631
-0.1554687
-5.801754
-0.8113935
-2.123166
11.06502
-2.107937
-0.372502
0.4824332
-0.0791458
0.08176437
0.4955365
2.16655
-1.207183
0.6961749
2.677514
-0.192413
-0.3073105
-0.9664439
6.30845
-1.221699
1.059378
-8.254563
0.7050552
-5.974467
9.880155
-0.1143458
-14.10833
-1.414357
-18.66032
0.31461
-0.5901986
-1.358669
-1.254486
0.7734854
1.158194
-2.995745
-1.108133
1.108082
-1.226892
2.033734
2.263548
-2.088599
2.081336
3.168816
-2.654402
-0.4731041
0.9349876
0.2235126
0.6205103
0.1254403
-2.979073
-0.9869603
7.874508
0.9234576
0.3789641
-22.5697
-31.8748
-1.011443
-1.160881
-1.480743
0.7410759
-2.059924
2.800829
-1.900725
0.970286
-25.02099
0.37613
0.3501645
-0.2321459
-0.7537922
0.4055529
-1.417887
1.921221
-1.378944
0.228384
0.6194924
-0.3684289
0.2634348
-3.955301
-0.3682518
-6.234095
4.049098
-1.595546
0.1703733
-1.070738
-1.776563
0.6182634
3.945413
1.349504
3.233726
0.5798073
-0.7779359
1.929495
-1.202683
-3.11623
-0.2667544
-2.134257
6.352871
-1.247745
1.734689
-2.84329
1.74842
0.5132569
1.250945
-2.669032
-2.793208
0.9825386
-1.022279
1.269245
0.707952
0.6753124
-5.656579
1.637957
2.14876
5.325152
0.5731207
-1.031457
-6.873201
-0.6658694
-2.614051
6.726359
-0.8555626
-10.81141
1.7508
1.293602
-3.368348
1.406892
-10.93599
-0.3012568
1.637955
-1.260292
-0.778839
-1.601303
0.2581657
0.5728738
0.82021
0.8962253
-2.701682
-0.06590707
-0.2493258
0.4382885
-0.1231032
-0.945587
-3.454651
-0.1592685
19.02181
2.721924
0.6737898
1.580519
2.375188
1.137047
2.564609
0.06850556
0.4730224
4.611211
4.020514
0.02089613
3.178481
3.016853
1.965623
0.01559029
0.7535949
-6.071415
4.088881
-22.57073
0.7786637
1.351781
-2.112806
-3.294903
1.336032
-0.9876265
-1.504734
2.684367
-7.293707
-4.342267
0.3257492
-0.2798395
-3.082746
1.945337
-0.06791254
0.5875538
3.290391
0.3450129
-0.9436735
0.8905024
-0.09084799
1.325164
0.9849053
0.7939264
0.418058
3.943504
-1.816819
-0.6254827
1.873045
7.91671
0.9399459
1.202313
-0.6282164
4.073431
2.178421
3.728364
-0.2459722
0.08889465
0.7681939
7.93363
-4.149961
-3.203679
-1.165276
-2.98288
1.278457
0.9003494
0.05634659
0.8445662
-1.123716
6.394727
0.1731768
1.503875
2.026258
0.1389596
1.169689
-0.5818568
-13.0496
1.447864
-0.9792028
3.614561
-3.039026
0.2649793
2.166412
2.559976
-1.645148
0.7826365
-1.422602
-1.151328
0.8412569
-1.440593
2.274663
2.120115
1.734364
2.314598
-0.7296667
1.59332
1.407673
-0.8779195
1.093979
1.325252
1.417612
-0.1920637
-2.973926
-65.63929
-1.209762
-1.875123
-2.003886
2.089626
0.3030847
-59.36772
1.083891
1.205155
1.804447
0.719502
0.2589588
-2.480413
3.009972
-0.08871222
-0.9976279
-1.279136
0.8096562
59.64696
2.153437
6.838793
3.329795
-2.218297
-1.120009
-1.003615
1.169757
-0.3825352
-0.536046
-29.61751
0.06478003
0.1375496
-0.4603523
-3.433694
0.3911358
-7.893823
2.54044
-1.245561
-4.292319
-2.442823
3.315757
-12.03987
-3.269378
1.091796
-0.1488185
0.1676621
8.871465
-0.287761
1.091167
-2.085031
-6.703086
-2.993899
0.7869719
-0.02085793
-3.053978
2.428843
0.6181845
-1.024944
-3.610206
0.4176445
-0.1937928
-0.9378466
-1.136887
1.546763
-3.265098
2.348568
4.492663
0.3650991
4.657761
0.4033455
-1.829129
-5.321879
-0.9369512
-2.507396
0.7573905
0.1066798
9.493989
-2.997747
-62.9049
0.600166
-3.705561
-7.001434
-2.848895
-0.5900993
1.965308
-1.253841
0.05323769
-1.046951
-0.6976966
0.3343559
-1.153155
-0.9012799
5.009131
0.1855719
105.7734
-93.70455
-0.09149487
-0.5991674
1.434463
-0.2197085
1.712249
1.225199
0.2162099
2.223706
0.4396396
5.255116
2.482317
1.193957
-2.797503
-0.5583403
5.797212
-1.145771
0.4360101
-10.01781
0.9571825
0.3432691
7.944692
-0.4595467
2.643874
0.17229
-2.111519
8.949672
2.224269
-0.8474946
0.2780383
0.3155693
3.48326
2.354113
-0.6182898
-2.665023
-1.050601
3.411641
-0.341412
-0.08696853
2.329566
-12.23424
0.0203454
3.273075
0.8655524
0.9748677
-2.258759
1.883584
-7.022413
-0.7935784
-42.46458
-0.6242314
4.561369
0.9309378
0.5378337
-0.8205531
0.122411
-1.707769
-8.961835
-0.4944799
-1.058419
-2.422253
-3.396822
-1.722383
-0.7227563
0.9949949
0.8005692
0.9413907
-6.628994
-0.9895095
-8.059292
-0.3647125
0.2598318
1.898441
-3.405982
-1.649487
-1.976823
-0.04753939
2.11304
0.9285936
-2.525884
0.490495
-0.252496
-1.525036
1.390832
-3.836822
-1.034301
3.023268
-2.518958
-0.3881876
-2.37317
0.3146899
-13.98049
0.1727502
0.3935884
-0.2779831
-0.9614163
-0.02706229
-1.528254
0.1060633
0.6990421
-7.231841
0.4137157
-3.077315
1.174342
3.45365
0.4732101
1.568077
1.58426
0.6705161
-0.3684473
1.655092
-4.659038
-2.990681
-4.706319
2.273317
0.5642866
-0.280567
-3.177416
-0.818235
1.803643
0.4407843
0.234299
0.1990122
-0.8610095
-9.521133
-3.35332
1.203714
-0.6773946
1.442529
-0.5169317
-1.942249
-1.075213
0.2629066
4.249853
-0.4593909
-2.175833
-4.896522
0.5323193
0.5931376
3.725178
0.5597445
0.3372963
2.446756
1.080925
0.01366764
0.7898345
-1.781314
-1.176548
-9.826052
1.815843
-0.05630696
-2.116687
-14.2766
-2.680117
-3.798471
0.4362413
18.01282
0.5347111
0.655741
-2.437424
0.4580525
0.5129565
1.02057
-0.06134432
10.90053
1.049001
0.2222426
-0.283316
-4.127172
-0.2684855
-2.759042
2.58427
1.893826
2.1007
38.13565
-0.1227525
0.9120856
0.4339036
-0.9306572
0.263885
-0.9723817
-0.2054394
0.3660177
-2.427724
-1.830165
-2.263231
1.729275
-1.317898
0.3493993
-3.422962
-30.91437
3.674115
0.4718772
1.393081
-1.184466
-8.274382
-0.1876292
-1.384704
1.55559
-2.567946
1.483687
0.8037995
-2.389456
-10.234
-0.03613755
7.091671
-1.440594
-2.572974
-1.447715
-1.666737
0.8432561
-0.8841081
-0.3421258
-1.078919
-0.2342703
-0.9803259
0.01786341
1.270052
-0.6865718
-1.633035
0.2525036
0.7886224
0.5851358
-0.6776887
-3.968677
1.536944
-0.9919952
1.290115
12.28474
2.631242
-0.06745485
-0.1273062
3.567044
2.665972
-2.19805
5.059322
13.75336
-1.461602
0.5241259
1.234555
1.184706
2.088859
1.043364
1.906485
1.719865
-1.070207
1.752079
-1.844545
-1.127405
-1.837631
-0.6469706
1.382379
0.4732003
-2.827725
15.88526
1.265657
0.353781
-0.4896607
-0.4977473
-1.07196
-0.08881615
0.5296316
0.5593815
0.02978631
-1.290478
-1.36209
10.49725
3.64966
-2.539901
6.276983
2.536987
-2.676179
-0.92778
1.303857
0.202758
0.6381441
2.674822
-4.46342
-0.9197249
-0.05115276
-4.301797
-1.266295
1.822734
2.642808
1.886651
-1.193672
14.634
-4.578378
-0.04426813
-0.06658798
-0.04197829
-0.1423785
3.708998
-16.1866
-1.694094
-0.004254176
4.915717
2.307061
-0.4016928
-0.2543895
0.08091077
-1.232405
11.18514
1.530382
2.580032
0.4003774
3.125739
0.1812627
0.1574141
0.9951421
-1.703432
0.5911558
1.330337
-1.129816
-0.5523719
-0.2771678
0.9834175
1.20417
-0.1547082
-2.927092
-1.171576
1.996899
2.199174
0.1871379
0.9501558
-2.853736
2.335422
-2.110859
0.03391989
2.786685
-2.341253
-1.123739
-5.526826
6.570193
6.915635
-1.432875
1.07709
1.254715
1.609115
-0.7759205
1.358978
-0.2141877
-3.892149
0.5153576
0.03978532
1.182982
-1.429488
-1.409061
1.466936
-6.215455
1.72296
-0.7038021
-1.723306
1.869513
0.5117329
-0.8308479
0.3108546
-1.873663
-3.530454
3.61224
1.666861
-3.04107
0.3975475
0.3635584
-0.1705664
2.900983
13.99033
1.341614
-0.160025
1.634709
1.110291
-3.608813
-0.7162773
27.61965
-1.065385
-1.819012
-2.480678
2.442426
-2.242052
-0.6459122
-2.150756
-5.429956
0.6198367
1.404937
-1.226276
-1.023178
8.219713
-1.164919
-3.087852
0.8041831
0.0681769
3.548929
11.98325
-20.49112
0.7964285
0.6526513
-0.6095972
-2.045095
0.03024536
2.704429
4.548134
-1.870367
0.4187767
-3.512732
0.6554329
-6.855659
-0.6172572
6.029684
2.889041
-0.1592
-4.383007
3.255543
3.065182
-4.123104
11.82504
-0.8557688
-10.30739
-1.356763
-1.765741
12.43968
-10.54904
-1.93062
-0.2055281
-3.156974
-0.16464
0.5683255
3.161391
-1.062819
-0.9736143
13.22403
-0.7702441
3.266187
-0.4985355
0.5931312
-0.7626239
2.348529
-12.19299
-1.375104
-2.255179
-0.07491802
-0.2273913
-0.7007895
-2.564956
-0.3419352
1.671168
0.6766627
3.787814
8.313504
0.3207039
-7.310644
-0.7151853
1.885506
-22.87627
-0.7821852
-0.6897146
4.327057
0.3595663
-2.87785
0.5620039
0.7621607
1.365851
-0.2864538
-1.567362
-1.874419
4.119452
-7.542209
-3.436001
-1.981441
1.094508
-0.7523924
-0.9420789
-0.2988497
-0.9110721
-0.2188015
1.555021
-7.231209
37.92266
-2.815383
-4.046981
-1.90857
1.253669
6.266485
2.616688
0.748776
0.03476335
4.900849
4.150243
1.041099
1.484187
0.6153736
4.494361
0.303447
0.4439168
0.9779984
2.629583
1.006836
-0.4128944
1.247049
14.57932
-3.160927
0.4545084
1.015963
-2.000204
1.267498
-0.2319374
0.4417981
2.552283
2.337242
-10.1619
0.8749939
16.94443
0.1992355
4.478043
0.945581
-0.9777425
1.700122
-1.956378
0.7080003
21.22224
-0.8337405
2.586334
0.303664
1.535704
-1.845775
0.005280567
0.6957231
0.6498133
-1.322718
-0.2853728
3.041339
-1.493665
0.2300643
-2.323047
-1.210288
2.191003
-2.687511
2.171518
6.253135
-0.6417047
0.3505989
-2.722388
0.9100725
-21.06274
66.13904
-0.056873
1.47665
0.04385041
-1.296839
-1.602856
0.2476713
-2.490417
-3.998871
3.111255
-2.578807
-1.300585
-0.4439246
-3.296295
65.50781
-0.1786338
-1.743503
0.5175357
1.783697
0.9307779
-1.181231
10.96314
-2.038687
1.097719
-4.120484
0.4897729
-5.782963
0.8617192
0.6133956
-1.64682
-1.722034
-1911.177
-0.05500003
-8.402783
3.274922
1.105216
-8.28214
1.135954
-11.63939
2.458644
-1.050628
0.2399002
-2.750176
1.926528
1.949422
0.09482664
2.796722
-0.8215114
209.5372
-0.4082243
0.502252
-8.062259
-1.005409
1.691708
0.2078549
-20.74283
-7.586919
0.09484624
1.788577
-0.2291268
-2.937129
0.1618271
-8.321759
2.031949
-0.6506666
-0.9793511
277.6277
7.16658
-0.3710747
0.3797047
-1.655698
13.94464
-6.686045
-2.059056
-6.806821
1.476929
-1.225688
0.5399443
-2.738928
3.47417
17.71906
2.836474
0.6630766
0.93961
-2.698757
-3.251687
-0.9160296
-0.8412947
2.018413
0.7192322
1.222161
-0.03574406
-25.76891
-1.63971
-0.4475972
-1.58447
0.5498191
-4.355504
0.876993
-0.881384
-0.9063059
0.994289
1.089697
-0.2841969
-0.5048992
-0.9768901
-0.01134783
-10.66321
-35.60431
1.893298
1.838073
-2.910565
1.290679
-0.1399009
-0.0184307
20.16542
4.119884
-0.7727608
-0.333893
1.427343
-2.890995
-3.788143
-1.062982
1.55238
1.73252
-0.720354
0.4964416
-0.4762818
-8.118545
0.6161158
0.0326764
1.310523
-15.27046
-2.186129
0.520581
1.410075
10.81185
3.034244
0.3619416
-0.1259407
-2.51042
1.552105
-2.590422
-0.1511491
-0.1847409
-3.394529
-0.5021413
1.030555
-3.26785
-0.9427213
0.7835458
0.801804
0.5116657
-3.075381
1.507067
-0.3435565
-2.184318
-0.5959993
-0.653014
-2.587292
9.331673
6.458516
-0.6962219
1.062035
0.1627265
2.018604
2.452345
0.751349
1.284105
-14.00708
1.201003
-2.963292
0.2813561
2.273215
0.2088306
-1.28931
-26.64361
1.685635
0.2575117
-4.259075
0.3386707
1.2561
1.861459
4.042552
-3.833333
0.6776251
-8.060495
0.0867785
8.779474
1.367363
5.900722
-0.5348288
0.01710611
0.07200121
-0.03715472
0.9152108
6.6156
0.9312967
0.7499251
5.166579
-0.8823329
-0.244404
-0.2853155
-11.38869
-0.9777221
0.9060976
0.03582489
-2.077263
-1.849764
-2.590706
-1.837363
0.5060256
-0.4016146
1.218209
1.967766
-2.18416
0.7809202
-0.8715443
-1.163445
-4.40656
0.9831198
-1.80819
4.522371
3.292406
0.07718861
0.1897403
-1.874955
1.501454
-0.3538142
1.410329
0.6110308
-0.4116378
-2.923943
-0.9210008
0.8430918
-12.85454
1.431613
1.012717
-0.3629274
0.7183647
6.520281
-0.6113297
-0.548171
-1.478701
-0.1027449
-40.01044
6.26936
0.9492291
-1.381344
1.989565
2.512428
-1.100468
6.01868
1.665863
0.03993233
-0.6968059
0.6096384
0.4187259
-0.3347355
8.050369
2.091791
0.5874813
26.17974
-0.08656209
0.9624728
0.8129159
-8.570827
2.847028
3.318125
-2.319028
3.26393
-4.018158
-65.35872
-1.871459
0.8290045
-0.8066501
-1.374158
1.950455
-24.8125
-1.247401
-2.131332
-0.949627
0.5037482
-0.8013282
-0.3087007
0.7420058
-1.437761
1.011557
0.3801655
-1.121277
0.8651293
59.46841
0.8487379
-1.078466
0.2745588
1.060009
0.2843604
0.6726636
-0.8433455
-1.99465
-0.1890601
0.7958118
0.8377106
-1.280183
1.632433
-0.2809856
2.261544
-0.9257987
0.3707673
-1.735657
-1.121922
-5.208209
1.93855
-1.88898
-1.223509
-0.8878494
-1.979984
-1.917444
0.452358
-0.9102357
-0.4654892
5.439712
-1.572385
1.2716
-7.427688
-0.5115055
1.709224
2.288593
1.044668
-0.2730179
0.4637834
0.2873842
2.335478
-0.2762992
16.43616
-0.381572
2.936707
-3.637702
0.0767431
-3.087065
0.349157
2.836048
-1.781842
-1.04125
-1.762135
14.61984
0.1011205
2.090498
-1.041823
3.054389
-4.241372
-3.369513
-0.7828098
-1.487492
0.4535886
1.077294
0.6523095
-1.156659
-37.76905
-3.217118
-0.3477184
-0.2192718
-1.304237
0.5349969
0.9033045
0.733014
-3.169089
2.315916
-1.760989
0.7701207
0.9664831
18.59124
2.393171
-12.35774
1.270266
1.050617
1.642796
-1.687073
0.7420687
-2.619673
2.213456
-1.275756
-2.160331
-0.6133839
1.188213
-0.1414834
3.20473
-2.44136
0.8980482
-4.778499
-0.5812559
-2.818002
0.8648298
0.7278136
-2.415294
0.9842896
1.06418
-1.404685
0.5222449
0.2015689
-4.200126
-1.95614
0.2730314
-2.629422
0.4682259
1.31639
103.6204
-1.007648
3.165637
6.276831
1.623349
0.01437232
-0.7798652
1.436023
4.996483
-2.277123
1.882464
-5.92282
-0.1117484
-3.270105
0.1552124
-6.559797
-0.7925558
0.3335948
12.6284
-0.4869599
-1.072942
-2.134476
-0.08686898
0.5177323
-8.851843
9.181678
-0.404722
-16.70898
-1.5744
3.80668
0.962087
-3.486104
2.054195
0.7572405
0.750649
-1.298206
7.499515
3.315141
1.329318
0.2876834
-0.8532503
0.6181997
3.237165
-1.223117
0.5712538
6.068021
-7.88668
0.3819659
3.036644
-14.11285
-0.6457792
-0.4360741
0.36656
1.38332
-0.1656981
-2.003776
-2.364644
-1.79274
3.08683
-2.401633
3.096896
0.2280876
0.3133623
0.7953996
-1.586871
15.21948
1.828805
-3.909603
0.6936952
0.1695299
2.61454
-0.7040595
-0.1562485
1.327558
1.701258
-0.6601641
7.636557
0.6205707
-33.53619
4.402966
100.7403
-2.236766
2.437824
-2.942804
-1.503582
1.009703
3.032335
0.9137675
-0.06875198
5.46751
3.249996
-0.2535228
0.5863023
-1.949029
-1.465485
3.647804
-1.751986
1.083586
0.02301322
-0.4973147
-4.17672
-1.412001
-1.522071
-0.5851721
0.6645805
1.371086
-0.5991441
1.582463
1.424025
2.439407
-0.08185298
0.04025548
0.2523975
-2.243754
0.6316926
-2.28511
5.673494
5.14833
1.185809
-1.024113
22.04575
-0.4293228
-3.359311
1.828266
-35.20026
-0.3809313
-0.3222277
-0.2246177
-3.148505
-2.160141
2.085632
-0.8672273
-2.079041
0.2989602
2.595429
12.66964
-3.288607
2.583913
2.829867
-0.5072522
-0.9987288
0.3586
-1.095893
-1.664884
0.3492184
1.658198
-316.5816
1.047897
-3.800892
-1.926037
3.136169
0.7159248
0.9227502
-0.6071017
0.6459859
-0.8889653
-2.945658
-0.9278277
2.12549
-2.722334
-1.492294
-0.2241175
-0.5872941
-2.952837
13.81379
0.1378537
-1.707504
-1.137494
0.2973253
1.289354
-0.5246116
1.563092
1.595063
1.494139
5.464188
-2.178793
0.02076111
-32.36298
-0.9213779
0.4301681
-2.919658
2.488573
-0.992009
-5.52619
-3.918601
-0.5502621
-1.945131
1.598711
1.100301
0.9962554
-0.5027099
-2.672925
-0.6770061
2.178954
2.533365
0.3172397
0.3774497
1.153734
1.759212
-0.5357573
1.389697
-0.7723293
-1.906553
-1.837596
0.9406879
0.7108207
-1.900542
3.157638
3.413162
0.5954978
-6.715884
-2.532051
-1.019779
-1.017679
1.075546
-1.710714
-0.1860299
0.696452
-5.093581
2.113449
1.576132
-0.5825458
1.830137
0.8257709
1.017262
-1.740147
-1.565379
2.210845
1.951328
2.4346
-1.912637
-1.136003
0.1391295
0.7785141
0.9557777
-5.827581
0.2897426
-0.9971917
0.445204
-1.050147
-19.12128
29.52347
-0.1361398
2.430057
-1.254658
1.668313
1.675643
-1.986557
-2.041361
-1.168934
2.391856
-6.440327
1.660489
-1.296849
0.05452402
-2.614912
0.2516124
-38.09869
-0.8718656
0.2354229
-4.455287
1.267957
136.5833
-0.2893471
0.6524332
-1.711767
-0.2663058
-1.640777
0.1008746
0.829355
0.4454329
1.434763
-11.17855
0.01159969
-1.186316
0.2435194
7.146219
-2.696041
2.057209
-0.7782042
1.00675
2.00421
4.122254
2.812268
-2.134972
1.405634
0.7211216
1.817639
0.6065979
3.956999
-2.540949
-0.3606264
2.412868
3.588686
2.936705
0.748046
3.60264
-1.331491
-0.9579702
-4.040703
-1.11601
-2.237439
2.837763
-3.897879
-64.00654
-4.3539
-1.215849
-2.70604
1.06413
0.9645828
-0.6529838
-1.616744
-37.33222
13.10445
-1.595041
-0.9683011
-0.1777075
-0.3597757
-0.5514382
0.05556329
0.06412227
-7.289754
-4.594651
1.549665
-2.034164
-1.09063
-5.227495
0.567869
-1.936768
4.61584
-5.987505
-0.3411239
0.5887082
-0.7493076
-1.748341
1.389883
0.4862912
-4.913498
0.5976993
-0.7503688
2.64792
-1.422482
-1.378536
-0.4858974
-1.621107
-3.885287
-0.5065066
-2.344286
-3.548189
-0.01026099
-1.081662
0.4324289
0.8549583
0.05906442
1.748385
1.477997
-22.02421
0.3123281
2.192616
1.414231
1.817013
-0.6877879
0.7336398
0.2604005
4.976204
2.119319
8.448312
-9.314929
-4.536335
0.05315999
1.012824
-0.1756463
-6.903002
-2.569983
-0.1028261
-15.11751
-1.23599
0.3656256
-3.145653
-0.2212999
1.25174
48.29653
-0.6626104
-2.193541
2.655645
0.6455065
0.7537416
-0.2779768
1.135002
-0.8004981
0.4141154
0.5582444
2.564658
0.2741118
-0.6292171
4.507492
-1.756627
1.081131
-1.154601
-0.5793763
2.897211
-0.4931196
-0.48396
-0.2430523
1.044758
0.2543921
-0.3023498
0.09603515
-0.7616083
-9.875168
0.2330256
-0.9229052
-0.09801926
0.3106521
1.59291
-6.863132
1.949796
0.2505988
1.504613
1.11341
842.9297
3.436462
1.58869
11.77922
-3.944174
0.7263375
0.5224417
-0.03394536
2.725771
0.2573435
-2.503261
5.852781
-0.8708503
6.282382
-0.6256035
1.208995
-0.610215
0.4782176
-1.242407
-0.06676351
-1.343999
-0.1605067
0.3713759
0.5123083
-1.536569
-0.1548717
-0.8748046
0.496041
-0.9780311
-1.824307
4.2542
0.473336
1.73117
-4.528393
0.2591314
0.5234471
2.799158
0.9624134
-1.129102
-3.425127
-21.5558
-1.841007
-1.700714
3.073329
0.8194886
-1.095793
-2.728507
-0.8787465
-0.8164777
-2.505901
0.3692234
1.09693
-1.862944
-3.868095
0.1223338
-0.07974262
-2.081084
-1.415304
-1.679312
0.2429825
1.762664
-8.863599
0.6077457
-2.922943
0.7599105
-5.13356
5.922374
-2.146595
-1.046276
2.533678
10.67732
0.4022672
-0.551254
7.616938
-25.6101
-1.430888
2.288856
0.7877145
40.9269
1.055289
-2.429541
1.686486
-2.497196
-21.4369
0.567299
-6.736752
-3.657749
0.1147883
7.380003
-1.051396
3.294322
-4.914125
0.1530983
-0.2742221
-1.703423
-2.531073
0.4486118
-0.9622325
-0.2951413
-0.8272678
1.155159
0.549751
-1.780589
3.323318
-0.2500893
0.3146744
22.41737
0.9697815
-8.521002
2.221139
-1.090594
-0.3694301
0.8401255
-0.07733424
0.3182346
3.41114
1.507076
4.913844
-0.2557954
3.827262
2.911889
-1.084199
-1.5206
1.93436
0.6087816
1.566243
-0.8741342
-77.57778
-0.1142598
-4.981326
-1.905098
-1.389015
-1.226598
2.198364
-3.819668
2.194521
-129.7837
-1.107328
1.649851
-6.096339
0.8181987
1.466902
0.3752646
-1.358991
0.3845325
1.742546
-0.8290212
4.106731
2.43004
3.939416
-0.9599984
-2.117425
-0.9261414
0.397305
0.7681542
-1.062464
1.424374
0.8690996
-1.68941
0.6555646
2.348533
0.6128734
-3.492243
0.1767646
0.7713699
-4.012738
-1.615791
2.430425
-1.186728
1.045775
-1.308675
-1.278879
0.481987
-0.1285948
-3.480816
-1.31454
0.1418354
1.402589
0.2862545
0.05555363
5.450142
0.8073031
1.696489
-3.038223
0.7375579
2.157235
2.321258
3.844178
0.1426843
9.398744
-63.1113
-0.05745492
-8.059186
0.267037
0.5137172
-0.7046208
-0.4898147
-2.14944
140.9882
-1.531528
-0.7226713
-1.83125
1.131066
0.3982757
-4.748607
19.82455
-0.5185908
1.904281
1.060363
-0.3635347
-0.06422548
-2.359095
-1.109327
1.513312
-0.3476008
-26.41483
8.112639
0.05305921
12.05606
-4.110063
-7.267991
-1.815276
3.937731
4.600567
-0.5426607
2.037115
-7.63011
0.06651301
-3.004394
-0.6738172
0.9852266
-0.4897095
-8.504497
-10.71615
-2.171995
0.1612036
-1.007005
3.613738
0.5906082
-0.5121829
-0.1838561
-2.533137
2.270715
-1.329569
-0.6696163
-1.795086
-1.453359
-1.045183
2.795994
0.07165028
-2.11934
-0.8394332
1.181825
-3.710002
-0.9419362
-1.784648
-2.569153
1.953692
0.3836046
0.4387139
-1.391253
-0.2925294
1.03978
0.7489225
-3.040405
-4.188367
-1.065305
3.308988
-0.14916
0.4369106
-1679.316
1.23151
0.09314719
2.010483
4.633829
-9.465965
-2.5061
2.13745
-9.098605
-0.6532841
-1.754149
-0.874444
-0.7572068
0.7044582
1.890909
1.764333
-3.06832
1.958694
0.7833912
-10.08226
-0.6546767
0.9408827
-2.166419
-0.9376242
-0.9416532
1.133659
-0.8684706
-0.3692975
-2.775628
0.04309044
-0.9413089
2.069397
-0.2908598
1.91229
-0.9372579
0.8156241
1.483887
-0.2045425
0.1274538
-2.1852
-0.605126
-0.3411571
-1.404972
1.449011
0.2225064
0.1452294
-0.7679679
0.04755961
9.440037
3.906461
7.168108
-1.618513
-7.743998
-0.2081086
-3.065299
-1.099642
0.741141
1.445492
-1.939355
39.20646
-3.985156
-0.7829673
-1.150509
0.1199723
-2.500996
-2.638035
-0.07323731
-3.145699
-4.871865
4.092303
-1.944883
-1.066755
-1.607773
0.1926361
2.798817
1.546512
36.24544
-23.46774
-0.01902546
-1.526788
3.03806
-27.07835
-1.943488
2.340055
0.5818706
-3.045626
1.827406
-0.3618086
0.728024
-1.59064
1.342735
2.104565
-1.000358
2.266285
-0.9731321
-0.2803246
0.3995223
-1.362881
-16.96731
-1.569546
-0.09192334
-1.093708
4.442829
2.732002
4.571498
-2.266218
-0.574653
-3.669766
-24.84411
0.7310648
0.392011
-0.9749955
-9.267725
5.296351
-2.578709
7.655923
5.056184
1.656148
1.039964
-0.4212245
-1.448791
-1.334518
-0.4010176
-0.6213945
-0.6243917
4.190283
1.815999
1.613339
2.677411
0.7009281
-0.7082586
-1.896302
11.7514
0.8107628
0.5830605
-0.2339764
0.4521402
-1.837
-0.7673467
-1.113549
4.385068
-0.06890143
-1.062326
0.05792892
-2.13279
-4.637412
-0.7948429
3.95887
0.8915438
2.073383
3.151206
-0.9727102
-4.794919
4.668097
1.848587
-12.77746
-1.81169
-1.2713
-0.07572615
0.4390201
1.75779
0.4369754
-0.6044297
3.565429
-2.098106
1.671478
-1.254176
3.145902
-3.561646
-0.2226451
3.961711
2.548274
-0.1511326
4.097465
1.055321
-0.3488941
1.676216
2.68421
-1.260955
0.8343198
2.147677
46.42138
-1.656355
0.06840379
1.106319
1.603158
2.006508
0.9715319
0.8845148
-0.2794584
-0.6284838
-2.701838
3.438949
2.163572
-1.254982
2.043937
1.216944
0.2708741
-0.3169921
0.0776587
2.107914
0.3857931
-0.4489182
-1.313688
-1.625541
-0.6075964
-1.648402
-2.114053
-0.7517788
-0.9780869
-0.03439983
4.287124
1.214802
0.9006824
-0.907257
0.4050951
-0.9003164
-2.319634
3.040309
1.03963
-79.20232
-1.725658
1.357993
-5.41036
-0.2392588
-0.2419177
0.4202017
-0.1120268
-0.6380048
0.241929
1.521472
1.557832
-9.792666
-17.47176
-0.2918372
-1.288731
-0.1192176
-1.253509
0.9212906
-5.751395
-2.077016
47.49585
-4.210763
-2.659736
1.28045
-0.3403917
-1.119022
-0.420412
-0.8657644
-1.103565
1.187259
-0.2908798
-0.6812084
-2.273729
-1.574061
11.63121
1.085512
2.089317
-2.348855
-5.750794
7.958542
-2.109831
-4.573659
0.04998702
4.636996
1.44245
46.00062
-0.5014536
-4.251111
2.260645
2.259379
0.3849682
-0.2801
20.51159
-0.4736485
2.362808
-2.554052
3.111129
2.731233
4.546347
-5.923512
0.5992631
4.070252
6.567394
0.4499192
102.994
-0.009445547
3.801787
1.105333
29.75722
-3.328753
0.6571994
-0.8827419
-1.04587
0.2492194
0.6749716
-3.25235
0.2504578
13.04567
-2.24656
-1.176894
0.044711
0.4958438
1.32129
14.86237
-5.567331
-0.4046057
-0.6374037
-1.803471
-0.5139639
-2.940138
-1.3433
-2.248439
-0.3992024
-0.9910446
-3.903585
-0.7757885
2.033654
-0.04958539
1.85714
0.4543861
-0.06675617
0.5596248
-0.7274895
-1.896102
-7.787428
0.8744962
-2.920827
-3.547636
1.093256
-2.462181
-0.1328428
0.7572733
-3.377437
-2.996539
0.8480522
-0.5084943
-0.1837815
-0.5877719
-0.7317076
1.041377
-0.08503136
1.843543
26.3584
-1.473278
7.778077
0.6581989
1.540745
3.75657
0.0599004
-4.730904
0.898368
1.555547
-0.384449
0.9311465
-0.9173984
-2.232848
-5.72612
-1.81912
2.213565
-1.377392
0.3982263
3.441021
-2.920923
5.416275
21.79923
1.002756
2.885072
1.694256
-1.034826
0.9456761
0.6084745
4.422766
1.612337
-1.069646
2.710837
8.415666
10.44631
12.77615
1.256231
-5.87724
1.991302
0.3179796
-1.050793
-6.417369
3.4132
5.097614
-4.303693
-0.7630321
-0.9413589
-0.9710297
-1.288543
0.6357913
12.82919
1.458181
-0.4236682
0.2732533
-0.3466542
0.3815041
-0.3045549
-6.446665
-2.261161
8.237203
-5.815093
17.89209
3.787094
-0.4710964
-3.038712
-0.1733664
-1.49363
-0.8005313
-0.02948908
-3.926576
3.945836
7.311172
2.222634
0.8788083
-0.2950679
-0.7364671
1.032206
-2.433442
1.054985
-0.6422308
-0.2532644
0.09066809
0.01670572
-1.063407
-38.98466
-0.7409163
-0.8259973
1.26389
0.6827332
0.2965987
0.5851246
-1.337816
0.862699
-2.840589
0.8876492
-0.3703087
-0.8222278
0.09327333
1.297336
-0.3982769
-0.8560891
-1.088005
6.971116
1.116052
-1.041631
-16.99949
-0.08323191
1.055325
1.278186
2.654599
0.6450234
-0.8994046
2.550885
-2.371877
-1.754637
3.227138
2.751897
-0.08066001
9.429815
-0.03365766
3.498576
-5.081734
-0.5395964
-0.7962626
4.662373
2.023151
-4.021704
-0.4274187
7.024507
1.887533
-0.8295631
-0.5726104
-3.900665
2.558375
-2.206151
9.137692
1.140835
0.9113842
-0.7027358
9.40114
-0.9680461
0.3189022
-2.016419
-0.8883031
1.618926
-4.96281
-27.44501
0.02721676
3.961526
-1.480692
-1.441287
0.3817566
-5.630743
-0.9154794
1.49612
0.03166279
-3.278815
-2.526343
0.5928236
0.1020742
0.05477093
16.85732
0.1495991
0.5106124
1.045768
-3.81777
4.186263
0.4629819
-1.141581
-1.85514
0.2941033
-0.9116464
1.925574
-4.087106
-0.4607771
0.6040163
-0.2643311
2.170432
3.103069
-1.14189
-12.12403
6.841204
0.8077504
3.800815
-2.331818
5.947091
5.407847
-0.337759
-0.1643316
-0.1212947
-0.6024939
0.6137121
1.484436
0.9293958
3.724037
0.04141194
-4.837732
-3.748555
0.4796203
1.757127
-1.982082
-1.629858
-0.9666774
-3.15101
-1.238546
-1.795264
-0.3154526
-1.91317
-2.719096
-0.2048836
-1.196322
-0.437182
-3.285392
0.7538552
-0.7968081
1.975633
-2.718108
0.8539141
-1.816258
1.188186
-0.4095108
0.3513434
9.737192
-2.400756
0.1177404
-0.1434842
-0.05246972
-0.1684388
-1.025148
3.823448
0.3004214
-0.279878
-1.778908
-2.312037
-2.289641
-1.513701
-1.117508
1.12447
1.043107
-0.7713698
-4.118263
1.934589
-1.226696
0.9382168
-3.095859
2.309228
2.030011
1.216681
-2.785672
-0.1011224
-2.997538
1.054249
0.986143
0.1930351
0.5654961
1.836126
-3.563338
-1.21759
30.21905
1.414484
-59.14618
0.4457833
1.282242
1.294759
-3.194531
-0.6749981
-3.312319
-2.957238
-0.5400294
-2.948949
2.264575
-0.1378939
-2.424395
-1.85709
1.606642
2.295804
0.4860642
-0.7490894
1.474239
2.011092
0.0002364123
2.398653
-0.3987904
-3.894427
1.143724
-1.736466
2.640318
0.5842044
0.8364949
-0.3998749
-0.7481457
-0.1792053
-2.694858
1.074643
-2.648939
1.914668
7.90486
-7.128945
-1.087008
-2.048404
2.902066
-3.901318
-4.615731
-3.512454
9.606834
4.307783
1.265394
-0.09984266
-1.501321
-0.8425477
-0.6267908
-0.3067134
-2.801258
0.4984788
1.82091
-2.602532
-0.7581374
-0.6786178
2.0961
3.684539
0.9213029
-1.338203
-6.199056
-0.9460502
0.2028458
0.5781513
2.586638
-1.426465
0.1854076
2.117961
3.94292
-0.3665901
1.997234
-0.09673997
-1.115578
-1.273826
-15.43854
-0.2605192
-0.3767887
0.5408226
0.8665101
1.469559
-2.508034
-0.7174006
-2.977611
-0.1285565
4.434784
1.229512
0.7883045
3.71668
-21.87075
-0.6247466
-1.146796
1.818436
-1.116053
1.314449
0.9244783
0.2606503
1.612932
-0.258524
0.3326706
0.05839137
-0.7399846
-0.5537283
3.698751
1.346126
3.021613
7.460082
-0.4586052
-1.063995
-0.7652148
0.4471948
-2.635336
2.571997
-5.384767
-5.818085
1.517372
-20.68214
1.546716
15.8094
-3.088761
0.9100795
-9.440622
-2.538215
-4.057325
2.355639
0.1009357
-0.1085323
23.27474
0.07884448
-2.402936
1.203773
0.4097578
-0.2843515
-0.9863678
-1.390656
-4.94098
39.16158
-0.3323453
0.5461153
0.6527255
7.976663
-2.445716
0.7184737
0.7767861
1.443592
-0.7297338
0.5203644
0.8045141
-0.08358889
-0.4428765
1.13844
-1.694077
-2.830521
-0.2087168
1.105504
0.4173784
0.4228305
-0.1122562
3.511118
-1.541662
-1.478847
0.1303595
1.049884
0.6550531
0.1120881
1.861701
-0.8955736
0.4063445
-0.956173
-0.7066769
1.292029
-1.736294
-0.07168951
34.24393
16.03379
5.686544
1.93043
2.874149
-7.539879
-75.90701
0.5544332
42.73339
-6.623814
-1.480741
0.4912615
3.715565
0.8223923
0.3583305
-0.01560379
0.7582581
-3.220851
1.337129
0.08470617
-0.7548044
-1.155241
0.153705
2.134008
5.327994
-0.814434
1.348831
0.3636166
-5.475963
0.9652959
15.66872
-0.1366714
-2.127884
-6.899722
-0.3178447
-1.665755
-4.848908
-0.4882933
-2.789001
-1.469674
-3.947383
-2.250615
3.632476
0.3217503
0.7910745
-1.121042
0.0143157
0.006178247
4.01051
-1.354119
-1.167354
-2.138102
1.476438
0.7188796
-1.110846
-2.985529
0.8176223
-2.869063
0.2757311
0.951928
-1.04412
2.554902
3.260512
-0.3413042
1.980833
23.4654
-1.196115
2.238686
-5.147622
1.054364
-17.97862
-1.843725
1.347653
0.3034193
4.822388
1.172169
-1.401021
2.913634
1.808894
1.051814
0.8219257
-1.261349
-0.3941184
-1.961933
1.779635
-0.4337548
-1.493762
-0.5246616
-3.055459
2.528693
0.01144062
-5.863961
0.07808889
-1.72851
0.7667599
1.296588
-38.74657
9.542627
0.3430299
-0.09093478
123.4329
-0.5190503
-1.612171
-1.191158
1.583294
-1.227782
0.1401026
10.78688
-5.140652
0.7739675
1.000627
-1.267345
0.3686127
1.271586
1.4626
-1.522871
0.6030412
4.323971
0.6320199
17.2219
-1.902421
0.2170439
-1.188317
-2.098158
1.640589
45.53365
1.189513
-0.6026021
0.1043282
-0.05595885
-0.5215633
2.024008
1.639328
-0.2010005
0.581793
5.85828
0.6073899
6.267906
12.279
0.436219
0.07740806
-1.533711
-1.79575
-1.50662
1.614931
-3.507061
-0.6867424
-3.709015
-0.6637612
-12.29348
-0.6536481
0.7973437
3.90251
1.64135
-3.157936
0.9461299
0.7394284
0.8575563
1.261674
-0.3555094
0.4423159
0.7534925
2.374008
-2.489644
-0.433582
1.135114
-4.499959
-2.855354
-0.268048
3.491116
2.783237
0.1044082
-2.273126
10.24777
1.406373
1.011695
0.4843235
-2.794525
1.308365
-17.22529
-2.102428
-0.7828376
-96.25712
8.898812
1.323435
-1.755541
-0.3613798
-0.04535675
-0.8964984
-3.388599
3.822727
0.6129927
-2.124003
-1.81389
1.228815
3.104909
0.6327227
-4.796604
0.8723954
-0.9752807
-3.560777
0.2853893
3.181748
-2.630966
7.151905
0.5725734
2.604992
1.233126
-12.26158
3.697685
-1.827826
2.268571
8.883151
-0.5463186
4.123692
-0.8975234
-1.96099
2.126603
-13.65955
9.555146
3.322743
1.692657
-30.05891
-7.575438
-3.073299
1.702219
-0.7261402
2.078974
1.046385
-0.2398727
-0.4353805
0.1260369
623.0172
-1.677536
-1.426207
-0.7181972
0.02266333
0.3087081
5.430049
-39.24765
-0.515615
0.4107838
-1.026588
6.127722
-3.423435
0.3878512
2.44558
1.10275
0.4425728
-0.2844059
-1.867945
-0.9247091
-1.139746
0.2926482
9.697508
-0.470979
-0.4179672
0.9417538
2.152394
-0.638846
1.45138
-0.1254233
-1.732982
1.647659
-0.2921474
-0.04196585
-0.6463674
-1.425961
1.695462
0.4395703
-1.293081
0.5557936
-0.2961275
-0.9198563
-1.185327
0.411478
-1.303907
-1.397063
1.336464
1.928816
0.955681
14.0772
-18.86495
1.048326
0.5794445
-9.297147
1.744503
-0.2753513
-0.01276045
-2.142312
1.760475
0.2430573
0.5025655
0.7123098
0.1985492
-0.763473
-0.6607901
1.724757
3.238934
0.04168376
-32.26044
1.604306
-2.626275
-0.5718564
-1.722834
-0.3710893
-0.3460529
-0.04226164
0.2193802
0.4915655
-0.7222642
-1.670886
-10.79226
-2.633595
-2.03916
1.359251
-11.34107
3.54886
-1.055623
3.912834
3.821228
-1.76927
-0.9467853
-1.380423
0.7866412
0.8303223
255.1467
3.623377
2.137822
0.2898353
1.27409
-2.10728
0.08479401
8.054736
0.6483254
4.404513
-0.4435524
-1.925797
-1.417946
-0.435329
0.9275165
-2.46529
1.813299
5.083071
-0.266134
-2.50167
-2.577992
-0.8263544
-0.06987624
-1.594582
-8.18471
4.78746
1.357251
-1.217404
-1.129386
0.2547632
26.0334
1.330357
-0.8074124
0.6271074
1.02314
-3.224314
-1.274169
1.429117
2.353648
-1.894505
2.276372
0.2500687
-1.446083
-1.826181
8.312095
-0.110739
0.6890108
1.819521
-12.62163
2.299199
-7.185403
-1.422356
11.72348
-1.432583
81.84464
8.919884
0.1695569
0.6494553
0.2656131
0.03308493
0.03165844
-1.21376
0.411815
-22.65222
-0.3755046
20.48217
-1.87599
40.88366
-0.3428742
-0.4526226
-0.4472948
2.752797
-2.946594
0.8624389
53.17404
-11.06303
0.3670468
-0.8746139
0.7420149
-0.7342604
-0.4458496
-2.463
-1.406759
-1.827625
0.5905863
-0.3382451
-1.205769
1.206872
1.920726
2.625305
-2.911001
-0.02704902
1.3052
2.141774
14.20523
-0.755222
3.478324
0.7274842
-0.5011173
3.644956
0.3685453
2.111871
-6.690279
2.317076
0.8865688
-0.8327526
2.658305
0.1204141
1.855425
12.16998
-1.380176
-2.55818
0.8735928
1.609738
-5.289966
1.794589
-1.440914
0.4587636
-1.721122
-1.629608
-2.042252
4.768537
-2.937095
2.014965
8.923292
-1.921795
-0.04409154
-1.436709
4.71254
1.154735
86.58552
-2.197924
-0.07824703
-1.19248
-0.1991377
1.312243
-5.518328
-0.8327312
0.4334159
0.2257737
-0.3232025
0.1187485
0.2408564
-5.51854
-1.288434
-1.435298
0.002368692
-1.068038
3.632316
2.135161
2.60027
1.347715
1.708748
-1.209459
-2.186006
3.560517
-0.177987
-0.05761381
-1.388984
-0.2092683
1.053514
-0.5630129
9.331972
-1.792265
1.868937
17.58198
1.484318
0.5313788
3.082711
-0.4293042
-1.256266
-2.023627
2.513881
0.5846104
-0.5942105
-0.2735999
-1.772745
2.374185
0.8061095
12.16524
-1.239139
0.7549364
-0.2496129
2.037635
237.7329
-0.7311073
-1.52976
-0.5725158
5.42569
1.027466
1.000699
-1.338535
-0.871533
0.5349054
0.9754651
-1.171305
-2.48335
-0.09481385
-0.08910241
3.35684
0.6320033
-1.392232
-74.68717
-3.268266
3.451472
-2.262657
-1.494309
-1.103555
-1.232008
-0.2193432
3.779754
2.272456
-2.254556
-1.549945
0.6972558
0.5050632
-0.7869692
2.580167
-12.75788
2.103103
-19.24433
6.798549
32.29742
-3.648473
2.321974
0.1659688
-3.830824
-2.897063
0.8192003
3.362522
-0.5020352
-2.660053
0.3742995
0.2665344
0.3901342
-18.21665
5.236123
1.307008
11.90091
0.7959183
-6.624988
-6.005295
37.88013
-0.2957012
-2.685355
0.08329979
1.396668
-5.018454
-0.4137113
-1.812511
-6.555075
6.764469
-1.325621
-0.09283881
0.9888572
2.928817
0.3231863
4.549607
4.233869
2.963308
-2.741209
11.1425
-2.788921
-0.3177854
0.5161291
1.378083
-29.77903
-3.969682
-0.937065
-2.052412
0.8801339
1.99527
0.8961663
-4.012419
1.346016
0.7146987
6.735105
41.74461
-1.004292
0.8602456
-0.5179168
-21.86527
-1.235319
-3.228364
1.063991
-0.6381681
2.155088
8.290724
0.4249151
-1.740874
1.725788
0.5166702
-0.5435755
0.1096475
0.3746637
1.500141
-4.830678
2.666819
0.7035199
-0.7775043
0.2079829
-1.79493
-2.69704
2.628408
1.00147
-0.1657204
-3.303645
1.27309
-0.117427
4.914753
-0.2070326
-0.4401679
-0.3305072
1.03359
-1.544497
-1.048576
-5.509441
1.314319
-1.703225
0.6779905
-1.378915
-16.70499
1.868523
1.173944
-4.357492
-3.18409
-0.5670566
0.1129988
-7.470607
0.554555
-0.9082354
0.8314938
-2.747596
-2.785787
-1.909567
7.765781
-0.2272731
4.414459
-2.866662
-2.352861
0.5801332
1.932326
2.043982
1.336023
1.255431
-1.698838
-3.9586
-0.2644074
0.6318364
2.643637
0.3534768
-15.63864
0.9326394
-0.5256233
-2.181784
-1.269154
-2.135964
-0.2241132
-2.0459
0.6862697
-1.376929
2.135576
-24.20412
4.69086
-2.632005
6.192652
1.623405
1.491677
-0.0326185
0.0924391
-3.717221
-3.393919
-4.507113
0.7966554
-31.44708
-0.4251047
0.7019025
-0.6751264
3.142686
0.7394745
-0.2280648
0.02048337
0.5191249
-1.43072
-0.8933034
1.329147
5.71517
0.5295402
-0.3582162
1.527375
0.8167181
-1.866975
-0.4156703
-2.376685
3.228335
0.608406
-1.17346
0.1634374
4.598744
2.827134
-5.125
-2.215056
-4.6256
5.208649
-0.2935196
-6.397993
-0.4536759
0.4656635
0.2085354
0.6681371
0.06721013
-0.991277
0.8409129
1.977199
-0.8541153
-0.4563888
-0.7191578
-0.3321338
1.406473
0.8254986
0.4192643
-1.487336
3.497794
-0.5718722
-1.051751
-1.018663
-160.2478
25.45138
-0.5176974
1.213188
3.197012
1.037351
4.202174
1.148175
1.945101
0.1820334
-4.479793
1.59446
0.8203065
-1.973841
1.513286
5.760418
1.131035
-4.166662
0.8967579
-0.003337617
2.060757
2.028802
3.814349
1.041566
-2.987189
1.85245
0.9160313
8.497198
0.466703
2.192615
1.391543
-1.310226
0.5081009
0.5383662
-0.4398805
0.8047832
1.476694
3.984061
9.662111
-3.031946
0.8487695
-4.958265
-1.423862
-0.01592639
-0.5233573
-0.415902
0.5853124
1.048406
12.22318
0.7756622
0.5889015
0.5115902
-2.185287
2.969727
3.181421
-0.02809744
13.15414
-0.3187418
2.429415
2.826529
0.3394502
0.8905072
3.734134
-7.230366
-1.550323
-1.842725
-0.4805435
-1.212249
-3.557311
1.702518
-214.4584
3.987415
3.620618
0.6568083
14.75843
1.27707
-2.528093
-0.7225795
0.7817234
8.037372
0.6994414
1.041785
-3.783638
14.07069
2.213173
-1.550497
3.035874
-0.4660364
1.072422
-1.187021
-60.97068
-0.8753643
-0.150653
-1.149901
2.093208
-2.565669
-3.956846
-1.049596
-2.774148
1.313691
-0.1578526
-1.800594
0.1063534
-0.2449707
-2.730313
0.5904278
2.425348
3.88783
17.89689
0.8268911
-1.233511
2.327826
-13.06041
0.5596976
0.8738426
2.28754
-58.18774
-10.72939
0.9851708
-0.6141742
-2.388888
-1.18214
-0.278627
-3.698758
-1.740621
3.224499
-0.06702837
1.251863
0.7223484
-1.551436
-1.704015
2.710153
-28.68345
-3.689062
-2.866173
-1.806752
-1.880774
-0.9318016
2.79173
-3.156403
-15.22531
-1.320762
4.772154
-2.091772
-0.07523993
-3.003757
1.068756
1.213016
4.851843
2.492495
-23.19178
1.956331
1.177581
-4.054723
-3.586508
3.694224
4.720159
4.399208
-1.538629
0.4250552
0.5782983
-1.011952
0.6594852
2.596829
0.08807259
-1.124698
0.122925
-12.8111
1.405974
-3.028077
-1.574088
-2.049044
-1.739197
-0.2651797
0.181712
-1.398082
-3.301986
7.057373
-1.651644
-0.7565114
-1.113833
-0.1429034
0.2880038
-0.9023247
1.05417
-1.343893
0.308356
0.1791955
-2.935954
1.482368
1.826522
0.2957979
-2.143197
0.4913153
1.79042
0.09147578
1.337889
3.950744
-2.012847
-1.140461
-2.439195
31.27071
2.139088
-1.529419
-1.438494
1.621464
-149.1381
-1.323485
-0.9934568
0.8330937
-4.749744
0.88534
1.198144
-1.093853
-0.556841
-3.453435
-1.380977
0.4491507
0.1779791
1.647658
9.860425
-1.216923
1.320755
-1.702169
6.897245
0.4952204
-4.882239
-4.169926
1.125234
-4.22467
1.886576
1.357846
-0.3489248
4.573968
0.379216
1.577032
-3.102611
-1.274873
-0.01697418
-2.085501
0.5084188
-0.1469517
0.3214345
2.611265
1.00533
1.618851
0.9244216
8.069546
-1.052292
-0.89959
1.47785
-2.002303
-1.381156
1.593282
0.4334572
-0.2993849
1.054457
1.524887
-1.746955
2.299083
3.854443
1.096176
0.3347082
-0.9521259
-1.058669
-7.454541
-2.536552
0.8835191
0.6896206
-1.227685
-1.740467
-0.4848386
1.947292
-1.974779
-1.280587
-0.4631217
-2.964062
-2.668787
-0.6184952
-0.2680534
2.916392
0.0606847
0.06389585
0.002474118
0.3913059
-0.5516297
125.0878
20.47277
-1.620876
-2.330578
11.18119
2.003927
-1.607991
1.195504
0.1429149
-1.088318
55.0985
-0.01782563
0.04623667
-1.363149
0.787288
-1.395041
0.5178048
-1.191369
1.582845
-0.4054744
2.167961
-0.5043624
0.2351252
-7.376644
-2.111556
-3.429362
-0.9946117
0.7877553
-3.656033
2.412548
-0.8224428
0.9122891
3.438796
-1.442176
1.024972
1.059491
1.560737
-0.1810511
0.9841366
-1.889415
181.9694
4.620748
5.464904
-0.8881141
-2.324031
1.007664
-1.324561
0.9978714
-2.238409
-4.119151
0.4334723
-1.285743
1.358543
0.1228975
0.3223524
-1.469435
-0.6127827
-2.627506
1.869601
1.052153
1.945909
-2.696243
-2.300631
0.8494054
0.3151211
-1.672498
5.91208
0.282247
0.1570321
-2.950285
4.392862
-0.03200343
3.949554
-3.75428
1.329626
1.887748
-0.2827501
-0.3490543
0.1872135
3.449486
-1.553659
0.3427171
-0.7326956
1.264742
0.3129987
0.9381531
3.020028
-0.990962
-2.742399
-1.635476
0.6677222
0.8095008
-0.00273862
0.4240206
0.6353243
1.517996
1.96311
14.92365
-13.70989
-0.07008641
1.671795
-1.197287
1.225283
-1.83046
-11.43084
-1.759383
1.691237
-1.063771
-5.748027
-0.6690338
-1.253041
-0.1398707
0.7887698
-1.548439
-7.449127
0.1054444
0.2923675
0.5771629
-0.2180167
-1.591349
-1.484001
-0.5128483
1.109344
1.238997
0.2147371
2.188476
-0.3639518
2.581032
17.29022
0.1276307
-0.7222584
-1.62212
-0.3732177
-4.374492
-5.577543
-0.661561
3.127538
-1.182626
2.478968
0.4749578
8.154518
1.812942
4.219928
-1.108419
-0.03528884
-1.571594
0.4761659
-1.3775
1.247322
1.243283
-1.526727
-1.282293
-1.923694
-0.4923759
8.221661
9.235372
-0.9121044
-7.344247
-0.004360242
0.04864516
8.960946
-0.4637258
-0.8364482
-0.682779
2.104898
-0.9754816
-2.576336
0.007066715
3.729371
0.2499572
1.61355
-0.570851
4.024991
0.5024033
0.08114226
-2.562701
0.1107436
0.7400619
2.314709
-0.9480935
-0.2072791
-2.332015
-0.03683791
0.239211
0.456479
1.45682
-1.783791
1.893044
-0.5764515
-4.554765
0.203946
5.917535
0.2741806
0.4012589
-4.898099
1.742953
5.698521
0.3416821
-1.323718
1.997571
2.360053
-10.55153
-0.9809431
-0.223541
-2.395792
-0.7398585
-0.2082664
1.501125
2.67496
1.402308
0.4750175
-0.07982858
0.5285155
2.795462
-0.9646925
4.42435
2.900803
-0.5599515
-1.194032
0.5725029
-3.395879
-0.379253
-0.4568248
-1.619593
0.5712652
9.016741
-6.718486
-3.387818
4.458094
-1.558414
2.031606
-1.112307
-0.2556478
-1.49534
-1.744232
2.485339
0.7455594
0.7093139
-6.032784
2.269709
-0.7135884
-20.19622
0.3273871
-0.8274478
5.922238
3.421353
-0.1867987
0.4339647
0.02318734
0.7727298
-7.106527
0.5016715
1.380216
14.85412
0.1906793
1.447015
-3.170036
-1.402971
-2.070791
8.395553
9.461225
-38.69798
1.96524
-1.204673
16.987
2.424281
-2.749771
-2.194918
-1.416599
1.113016
-0.6460977
-4.817221
-0.8984364
-1.066013
-23.06467
0.7880822
8.236813
-1.36942
-0.9755785
-0.0149188
-0.6179093
-2.28705
-0.2285503
0.9919825
0.3726367
5.705896
0.1386625
-3.091921
-2.114022
-1.194853
6.096486
-1.613525
0.3912542
-0.7836272
-0.6327867
-1.091004
-1.450006
-3.585129
0.07050591
1.89323
1.359752
-2.218425
-3.229844
0.997571
2.158566
4.800775
0.9301226
4.023578
1.173149
-2.579493
3.401808
-1.292664
36.1865
0.7748482
-16.58908
-2.852123
0.1154798
-1.989405
1.425286
1.855188
1.814413
-0.2787862
-0.9987489
-0.4298534
10.78403
-2.411214
0.1359003
-1.518449
-2.298357
-2.673503
1.08715
0.5763996
-0.751255
-0.2033705
0.5932867
9.11912
0.352101
-0.854055
3.375213
0.37445
3.844394
-3.050261
-3.760568
1.157472
-1.94935
2.211388
-0.5980121
0.1759579
3.923209
0.6267241
-0.1874776
1.675174
1.63367
-0.9623132
2.754713
2.092566
-0.7846091
2.796681
1.529975
-0.9734689
0.2001466
2.323944
-0.8261687
3.04154
-0.8666713
-0.376997
3.078184
-0.0419419
-2.227096
-0.6679798
0.3301148
1.080833
0.3456032
-2.385143
0.6923489
-0.4627182
-2.155588
2.689066
-1.925757
-0.1149716
-4.705401
0.1857838
-1.365494
2.580695
0.1996303
-0.3453483
1.046202
-0.5933001
-0.2011383
-2.061078
1.914751
0.9898601
-3.389978
2.669396
-0.8437258
-0.1327254
0.1418222
-0.6758551
0.1045961
3.179726
-4.417305
-258.1739
2.319428
-2.903261
-4.814147
-0.6203599
2.050198
1.247239
1.674234
2.666209
-2.17352
-0.3508906
0.3908885
16.53491
8.298989
0.4867572
0.2193922
0.3039619
-0.1629606
0.4112593
1.16758
0.5319312
1.129907
-0.7775783
1.660089
-1.444559
0.5641953
-0.1152158
0.2690162
-4.11548
1.626279
-0.188128
-0.5530012
2.671515
0.5706327
-0.3466274
1.743668
-0.01622482
-0.583527
0.3903124
1.667005
1.263168
-11.56372
-2.09054
-16.98053
-0.05897937
-1.645115
0.03414076
-1.281873
0.5444921
3.631828
15.38638
0.2722708
0.9765071
1.255609
-4.075953
-0.3261628
-0.6827536
-0.7050338
-0.2782073
8.749503
-1.363649
-1.346873
-0.2116937
-2.268117
-1.450917
1.108689
1.246704
2.07408
8.639252
1.100237
20.33821
14.5907
3.613597
-22.09693
-1.900885
-1.417039
-0.7770956
-2.432791
0.9680394
1.803729
3.595524
2.958356
-0.1906827
-0.3806527
1.048845
-1.458444
0.6859564
0.6611712
-9.387948
-2.276928
3.41951
1.198097
-4.345023
31.66636
-7.54567
-5.827651
0.7785493
-1.273044
0.4058538
-1.309584
-4.575287
0.4980283
0.3331856
850.6765
1.616733
0.1030038
-1.692559
5.68216
1.83347
1.614577
-0.9435801
-3.318581
-0.3050237
-2.96345
0.05142079
-0.1779578
1.075434
0.7657682
1.497733
0.3669325
-0.05837365
5.374734
2.365009
-2.643798
0.0201643
1.89903
-1.394068
3.133044
-0.02406105
-0.5912918
-0.03951846
-0.6924597
-1.092982
4.691637
0.3411969
0.9164409
-2.429351
-19.68388
-0.1637367
0.4229113
-3.03333
-6.051492
1.022353
-0.1773284
48.77493
0.7965487
1.633264
1.523747
-0.1309908
-2.628936
-2.625877
-0.203712
-0.04066732
0.1866251
1.129488
-0.2028112
0.9038891
-1.095584
0.6284378
-0.9707363
1.325796
1.447085
-2.922327
11.63269
1.959327
-1.918533
3.345565
-1.18358
-1.575277
2.028307
0.9180164
0.1224824
-6.750346
6.899878
-2.190651
1.015576
36.80165
-1.027203
-0.9943047
-0.7966107
2.052422
-5.412608
-0.7282973
-0.2818324
0.1521338
-1.270359
1.328568
0.7456608
-4.3876
-4.296464
-0.5347902
-0.6721638
0.06149519
30.57103
-1.817046
-1.175119
0.3753376
-3.34275
-0.2472492
-0.2702785
9.532528
-4.162403
0.1444636
-2.19193
-1.296582
-1.539612
13.79914
-0.4921657
-2.126642
-0.0660668
0.2462376
0.8691596
0.6580378
-0.0759037
-0.6591344
1.048844
-0.7865522
-4.204645
0.7436408
-0.8827134
-1.123303
1.20139
-0.05409489
-4.664849
-0.04841841
5.95274
0.1758606
-0.6374073
-2.621284
-2.92867
0.8148588
2.518773
-1.167489
0.4228126
5.941091
1.113249
-1.73113
2.019708
-1.67749
0.695251
0.2675213
-0.9807944
-1.597775
0.1443734
-0.3265073
-0.3638895
-0.377329
-5.933604
7.555834
-1.022864
4.060688
1.200182
2.088345
1.530807
-6.236951
3.284903
2.53122
2.858924
-0.8211738
-0.5606744
-1.197245
1.352088
0.6916678
-1.877574
-0.5868873
2.779045
-0.727105
6.292839
3.100759
0.8648819
-2.780757
1.199932
-6.579646
-0.1638808
2.724618
2.681111
1.862163
1.155279
7.472296
1.266712
1.288696
-0.4779173
-2.573424
-3.355889
2.124024
-1.195952
11.63976
-0.5392265
-29.55504
1.247418
1.225633
-0.7618694
0.2356284
0.4477454
-2.792381
-0.1603579
-1.804768
3.089948
-1.713773
32.03427
-0.9249319
-0.2940898
-0.3945886
0.6559445
-2.985123
-2.952473
1.474517
4.470726
-0.3938292
0.129797
-3.430722
0.2743375
30.8674
0.1764518
0.798928
0.3906202
0.9862463
-0.7290729
-0.03711755
0.2832146
-0.353776
0.1511194
0.1275547
0.05508443
-0.09340973
2.703619
0.05756852
2.616136
0.007636466
0.2010059
0.712773
-0.6296831
-1.106951
-0.8076805
1.183558
0.1378432
-0.5973786
-0.1340912
0.5868755
-1.753405
19.71812
1.628785
-0.69754
2.069358
5.969063
-10.26368
-0.120861
1.154152
-13.00193
-0.08668095
1.45177
3.40229
-2.668972
-3.95138
1.485104
-1.32321
8.803933
-0.1212916
5.632411
-0.6718133
0.7735327
0.04450371
2.182055
-13.80636
-3.764276
0.5759182
1.172231
-0.3878948
2.075073
-2.088481
7.968866
0.2382756
1.223334
-0.5872146
-0.9706829
0.7254497
0.5572002
69.75065
-0.4695786
-1.434499
0.9248429
-2.9117
-0.526807
0.781579
0.4887288
-1.917773
-2.088699
-1.739379
-0.5541515
4.551319
-0.7289966
0.341899
-1.204705
-13.74921
3.860622
4.794195
0.264936
0.642202
9.26849
-3.039957
-1.521946
-1.182246
-1.65523
0.1323977
3.390504
0.2552085
4.739974
1.482634
4.230007
2.657487
-2.520047
-1.625401
-1.960221
0.6045919
0.6414331
4.602875
0.1383219
3.701116
5.990284
-0.09213529
-0.6694225
4.388598
-1.137985
-3.74717
-204.4882
2.041899
-4.9758
-1.728134
-4.672084
0.6669064
2.860997
-1.776515
1.57745
0.6316817
-1.237247
0.320335
-1.309681
0.4089568
1.848692
1.792309
-5.129238
-2.554002
-4.102394
-2.804902
1.183901
-4.238546
-5.484188
-3.302674
-2.294283
-1.481641
-0.02175591
1.762965
-3.061359
0.1694302
-0.6979699
0.6797605
-0.8584474
-0.03117184
-0.5437191
4.350401
-0.7431868
3.983429
-2.836343
0.2729506
0.6899884
0.8470134
-0.435834
-1.391825
-0.6096076
-0.06063208
0.9135052
-0.07286869
1.88461
-0.686828
3.148187
2.591025
-0.5496784
-1.125604
1.568606
-0.7454968
-1.046271
-1.044709
-2.012176
-4.258941
1.00422
4.797731
2.527511
-0.001651779
-6.49817
1.579328
-1.202802
0.327094
-3.28689
2.251337
-76.20419
2.127252
-5.527617
-1.175378
-0.8914638
0.490092
0.3665331
7.913338
-1.98376
-0.4801507
1.43837
-5.73303
-3.514933
-8.023453
-0.2135562
2.705717
-4.871571
0.713967
3.257017
4.887028
6.141235
-19.86258
-0.102112
1.207676
-20.38975
-1.299484
0.4502162
1.411862
3.736417
3.019779
-1.99412
-1.785259
-0.5917452
-2.494488
-3.453585
-0.1291111
-20.75578
-2.235938
-0.9000104
-3.617709
0.04824079
0.5686631
1.078921
-27.1197
0.5617892
-0.3411922
-1.866208
3.899309
-8.498562
0.8256594
5.49765
-0.6358988
2.862975
-0.798049
1.526355
-0.9764275
0.3840761
-3.563842
0.7520397
-0.5116451
0.3482115
-1.598206
0.183056
35.85573
-0.209847
0.1220667
0.06280546
2.060807
2.695976
0.3402574
1.435311
-0.7949932
-5.574133
0.2950796
-0.03828241
0.3206636
0.2974687
0.6380545
-3.53191
-3.930701
-1.360351
5.732031
11.1882
-4.02379
-0.2353934
1.872237
-6.168545
-1.985242
43.19775
1.469553
-1.701696
-3.681318
2.78791
-0.9120591
-1.55855
5.71451
-2.7686
2.423379
0.903894
1.471843
0.1641286
0.4853426
-6.322235
-0.1300772
2.639711
1.262071
47.30914
1.949049
4.275079
-6.377483
1.3797
-1.246135
-0.3382501
-1.525661
-4.555255
-2.805561
1.511218
6.561378
-0.3798088
0.4003633
2.911452
-0.4016901
-0.6659629
1.640615
3.00933
-0.6819073
3.181908
1.182915
1.652336
-0.7786017
-85.51023
1.496474
0.5453627
-0.9948913
-11.96224
2.914314
-1.513955
-0.808481
-0.411994
1.806795
-0.8553773
-2.811585
-0.6953756
65.96449
0.725884
-3.966431
0.1525945
4.891675
1.537043
0.1798002
-0.1120324
-1.141167
0.9669234
-1.708336
1.401953
-0.6507761
-0.8657047
-1.546174
-0.437315
0.6427177
-1.886252
1.071457
1.936504
0.1473465
1.120802
-0.5020724
-0.6497709
4.091272
-4.322434
1.293537
0.1243961
1.581192
0.7788656
-2.497649
0.3130978
1.341621
1.209895
3.190643
-0.904014
0.1921858
-0.05678512
-2.323739
-2.000692
-1.1467
22.71791
-6.994109
2.095288
4.536643
2.493966
-0.4771093
1.426789
0.06672291
-21.7136
-7.82278
2.690631
-0.4632591
-1.46748
1.762476
-1.042414
-3.979533
-1.069498
3.572753
-1.106653
-4.505608
0.2936422
-6.575226
4.33725
0.08546269
6.268407
-13.63909
1.501999
1.99287
-0.06334744
-0.4632098
-0.9924209
-6.333238
-3.203276
-1.831211
0.5136486
-2.373519
-2.220604
0.0629192
0.5558487
0.8456321
2.349633
-0.09856127
-2.297807
2.02399
-4.28208
-0.0772688
-0.3384404
-0.9134234
-1.378566
-1.05953
-0.05014277
1.871459
-9.397929
3.418503
0.05020584
-1.124324
0.8779218
0.8942972
0.1157802
-1.308417
2.196614
-0.4201669
6.237169
-0.3643682
-11.53361
-0.6099969
0.03987783
-1.214412
0.2505863
10.55497
0.6351817
1.536914
-1.126582
-1.94735
-13.35444
0.239579
-1.124332
1.142717
-5.166103
-4.393166
-0.5128165
0.8745094
0.9999548
3.801032
-1.316104
3.231611
-0.5567944
0.9689259
-2.039228
-1.318506
6.257375
1.333551
0.1841662
0.9760551
0.9194762
-2.027018
-0.5175814
-0.1268057
3.517397
0.02070432
0.1276167
-0.3050048
-40.17571
-3.237798
0.2056714
-1.351203
2.224046
-2.899192
-0.9053271
-4.685022
5.25611
-0.620326
6.574435
-2.465981
-0.03228757
90.18984
